6.724824288539821282e-01
-8.505210047360378667e-02
3.721684720403573010e-01
-3.238750423406600021e-02
-3.296386097417780547e-02
6.826794560765847564e-01
-4.115453293707105331e-01
9.782053211893071420e-02
-1.823672306500156992e-01
-6.683799114171051770e-02
-5.125414759277191479e-01
-4.649498919206962455e-01
1.885844369553524302e-02
-3.845382252620765939e-01
9.331162118542124517e-01
1.764730228615007945e-01
2.951958322228165343e-01
-1.643462610445567407e-02
-7.845782334925388568e-02
-2.998555714839312714e-01
1.656998449561797315e-01
4.115829028705775272e-01
3.049255212772550294e-01
-4.547790979358978802e-01
-4.252316045949555701e-01
-1.189660139289117069e-01
3.965070334288611775e-01
9.860070804279530421e-01
3.199769480488612317e-01
1.616717781871557236e-01
-6.196403319336241111e-01
-2.585769038887519855e-01
-6.461660007062164368e-02
3.781639179578633048e-01
4.711804280077558360e-02
4.910991719953017309e-01
-6.847574240964604542e-02
3.494660916203429224e-01
9.715470241644652560e-01
-6.819529119184153387e-02
2.344620781968842493e-01
-2.694517320378508884e-01
2.059425838751849369e-01
7.300495497020165203e-02
7.019702934485394508e-01
5.064868560111790430e-01
-1.987302766792709008e-02
1.522313937130093109e-01
-5.991893203827203251e-01
-3.626947204793395940e-01
2.769590423667978030e-01
2.618969290324457688e-01
2.884602849917428102e-01
-1.960231372777343495e-01
1.829173470468958840e-01
3.821116649760369910e-01
1.517401670980689232e-01
5.413636472439975478e-01
4.686354770910838852e-02
3.446550635999301448e-01
-3.727715522927610436e-01
-3.627778824011329561e-01
-5.950128070253413171e-01
-3.824631278348533669e-02
-1.350837948166372371e-01
3.868053681799210608e-01
2.399490313109708950e-01
1.176204307284933748e-01
-4.024388999823713675e-01
-6.056942538634757511e-01
-1.141316658959112829e-01
1.057816376714981743e-01
-3.790771785361357615e-02
4.653104497265303507e-01
1.183254028092051158e-02
5.457977181322348770e-02
3.350469910401443485e-01
-6.156056429063028190e-01
3.926479053006914910e-01
2.091988875463357545e-01
6.015731059960671701e-01
3.514570039442332927e-01
1.347564193565631285e-01
8.685585726198041812e-01
2.846145719104242744e-01
1.109847147517939447e-01
8.241327975611056900e-02
-2.892566897116921609e-02
4.137953624194778968e-02
2.448801410537271295e-01
-1.361005104172363644e-01
6.874971631987136789e-01
-1.077290789908147417e-02
-1.179504067749803653e-01
-3.007107522989826975e-01
-4.130304773752868641e-01
2.916661117069452303e-01
-8.854108557443396421e-02
-4.213289628296479350e-01
7.642988464340305654e-02
-3.143866251775762066e-01
1.168036334320277092e-02
-3.025432704362174263e-02
-5.040971018388518132e-02
2.649931616360845510e-01
-3.803854156103625428e-01
5.205630486670997925e-01
6.533443865919252858e-01
4.678107643485418521e-01
2.918275185948004946e-01
5.477769491335493512e-01
-2.520935709071636666e-01
-5.865205707777931821e-01
5.784698942079558037e-02
-5.555991720029851422e-01
3.876095320265449118e-01
-3.648550261914351722e-01
4.512138502832385711e-01
1.493351931003417121e-02
2.775062455384613713e-01
5.617823717329883948e-01
3.933214998141920660e-02
-1.308599024696377455e-01
4.052213853356079198e-02
8.357248759693902684e-02
-2.533594738451938611e-01
-8.037530108140344964e-02
-1.986574744705649209e-01
-4.160112325735099148e-01
2.122496312040311750e-01
-9.951151014320203103e-03
6.489970161283054040e-02
-5.481722382683074102e-01
-3.079241821524192346e-01
-2.297058472322532907e-01
7.254282081703422591e-01
1.208974254041095264e-01
8.398281465815671254e-01
3.662558469841314945e-01
9.511501275483169593e-02
2.438074204746953910e-01
3.814936349044728559e-01
-5.987624831504945178e-01
1.576932930902330554e-01
2.437628836560179479e-01
6.083529910938523244e-01
5.090006638397426286e-02
2.235464222621885710e-01
1.523316655038797762e-01
6.534693284265813418e-01
-1.648096059625459020e-01
1.562697207191376947e-01
5.729042413804563694e-01
-6.919826489593106089e-03
1.893948109454868245e-01
-2.976551627398293931e-02
3.476815493286267156e-01
1.346849813899098081e-01
6.509421268674486782e-02
-2.223887491936693550e-01
-4.306945697862829547e-01
-2.982009164043120109e-01
-2.433733357065648306e-01
-3.693565133744414197e-01
-3.960550714054988930e-01
-4.227947272283927305e-01
2.643354832798650023e-01
-2.436366344227280933e-01
-4.000553417426999658e-01
-6.871957225484948140e-02
-1.431733807066848385e-01
5.847698503202991560e-01
9.739262623043032363e-01
5.599961241387063637e-01
2.298940700029561413e-01
3.753353894353494979e-01
2.043456959199829726e-02
2.846578865955962101e-01
2.566673060755420011e-01
2.924826389971713070e-01
3.424606802582275122e-01
3.673266064652125351e-01
4.035783263134362642e-02
2.458405390370899113e-01
-1.130015903072489891e-01
2.968710930417728378e-01
3.967190593812119914e-01
3.010151772286917549e-01
3.967614929933915846e-01
3.551034239990258357e-01
4.437659129052917706e-03
4.902483397017931566e-02
5.923140378172320197e-02
1.999512733164010569e-02
3.103565404671826400e-01
1.297527774113405030e-01
-2.219331918240641244e-02
-2.969481727177480934e-02
1.359078254381529405e-01
-5.102856448502279818e-01
1.496520525279265712e-01
-8.820688890409655869e-01
-2.998783941166038858e-01
1.069265920250472846e-01
-2.618930068365443731e-01
-4.469177099508669926e-01
5.714990436445077648e-02
-2.070990205993439304e-01
3.214564969766797731e-01
6.859803534098318778e-01
7.541747777395357843e-01
1.839681829096662113e-01
5.597198651230428368e-01
3.021117720436450327e-01
3.105649568624357926e-01
-1.010796069067509961e-01
2.126586053918799735e-01
1.525277639302657917e+00
3.587815911032521399e-01
1.617943325982196257e-01
3.287287597686372465e-01
1.759407410872881883e-01
-3.234596022139157867e-01
-1.049466646918517654e-02
-2.416801976323768031e-01
-2.165206183235568460e-01
-3.519450615385721903e-01
2.403571102149726357e-01
-8.850606292298834887e-02
1.035061245602264535e-01
3.619343829086574260e-01
5.148328909854171798e-01
1.246948357902510907e-01
-1.146345383062907786e-01
-9.687058621921096346e-02
-4.217508120518687065e-02
5.669583913459064206e-03
3.507182100292993709e-01
-3.229374385682604043e-01
-3.998571855845511891e-01
-7.649646249774377793e-01
-4.113166482966335025e-01
-5.771746600657934323e-01
1.883216214082494844e-01
-2.238282519329004572e-01
-5.857023097632918507e-01
-8.485531566293502692e-02
1.192905898506069207e-01
5.274072236716165207e-01
-3.444992557888326701e-01
1.637294104739339673e-01
-1.147212884688997292e-01
3.618589516918291338e-02
2.924915349922230234e-01
7.938992041545134271e-02
1.239091830029792618e+00
9.571742793923476711e-01
5.802455120829108637e-01
-4.237177790855639614e-01
-3.474266350167454220e-01
2.283028095462213969e-01
6.383371555784833618e-01
4.724769837594067212e-01
8.574252774451451842e-01
-1.863605518792610383e-01
-3.244317383632733254e-01
1.828481970278517110e-01
7.200845288934942801e-01
-6.963885539335024077e-01
-2.260243547880236292e-01
9.588293892193178181e-02
-6.392671707544650417e-01
3.392881353647680953e-01
-4.449688617569336202e-02
2.724395358200126793e-01
1.741161383961298270e-01
5.525906487946485868e-02
8.835089460035305819e-02
2.612000287172122626e-01
4.213774218442267738e-01
2.677846566712105414e-01
-1.678484125022805529e-01
-5.782917469332460314e-01
-6.966871524127782322e-04
1.035744574551245023e-01
-2.884945331516064471e-01
-1.819152544157986995e-01
-4.551840220301528461e-01
-2.156681375709013082e-01
-4.809745632883277722e-01
-3.245285711273027118e-01
-5.899558175315178232e-02
-3.101463619259448024e-01
3.011344347214617301e-01
4.824462962460529525e-01
3.558978960427339189e-01
4.352371618665529240e-02
1.220416976366323070e-01
8.862972578072003671e-02
1.012381289910990745e-03
4.385516660931898514e-02
1.830694031923485454e-01
8.945577860686171334e-01
8.447064203664922388e-02
2.576187512204342056e-01
7.120760869838704821e-01
2.429301275697071105e-01
-5.624630716738465708e-02
3.262384211666358169e-01
3.300283992757613305e-01
2.496609283753059572e-01
6.744836582583957352e-01
5.738270374422427267e-01
2.019038731759792427e-01
4.890672471447032876e-01
8.401293598581105471e-01
5.012010433347313665e-01
2.351104910758294864e-02
-9.613476947833987651e-02
2.984586728871363448e-01
2.692950573646157864e-02
4.089140759333531605e-01
5.435515504359500483e-01
2.846894346930639585e-01
7.219910003186669201e-01
3.433478923398070037e-01
1.114793661827206961e-01
1.657792552123282803e-01
1.604383754738591961e-01
-4.253308816259959713e-05
2.870870048354845494e-01
-7.370884418378409464e-01
2.132283469791218522e-01
-4.659133594486775110e-01
-1.432474903140246170e-01
-1.829696572031025426e-01
-2.931020048890786711e-01
-2.563774330610613106e-01
-9.382431187532347394e-02
4.819533501176920254e-01
-3.782080852943181526e-01
-5.520626018551411107e-01
2.026444576586072799e-01
-1.722878550936002284e-01
5.837575756117985293e-02
1.406933733960613608e-01
3.735665927706577349e-01
3.825589942607621197e-01
3.457977300058701076e-01
1.106083686863712501e-01
-2.753432681856793351e-02
5.378689138524350710e-02
7.548511007371416781e-01
6.396202252290095203e-01
5.909689662075834349e-01
2.019680209741636645e-01
1.063153376890113577e+00
2.754927663772832602e-01
4.581151813454198418e-02
5.137081870998372324e-01
3.142902755826071370e-01
3.340357466186105739e-01
-9.503850151304504834e-03
-1.766747033116189414e-01
2.479176259839732666e-01
4.045803052576957271e-01
-9.135364820167524158e-02
5.641451252813567407e-01
3.883171473262336804e-02
-2.377022383370785974e-01
5.451272500067716464e-02
4.945044338455772959e-01
2.449384624014783185e-01
5.848831392540887464e-01
3.686722891416138737e-01
6.010534434608416632e-01
-3.864450945911812596e-01
3.828009198514337186e-01
1.098747191008442314e-01
9.729544814263135777e-02
1.904100628280502860e-01
-8.901419334961246932e-02
2.831272922776406631e-01
-6.770474669792747591e-02
-2.815596644722972997e-01
-1.529739108718786156e-01
2.922079431755264523e-01
1.094633006459844182e-01
-1.208551623221865157e-01
-2.316047869044268737e-01
2.616647805098182289e-01
-6.377772479027044028e-01
-5.282650477056449745e-01
2.757381878382147988e-02
1.821142490143756731e-01
-3.142924924759427086e-01
-5.983151822874788195e-01
-3.176968164098070702e-01
-3.994611006419290788e-01
6.872965485626991722e-02
-2.762076007911673514e-01
9.095395370195547002e-02
1.126229562942171469e-01
-2.245709538328810595e-01
6.352823902489035390e-01
3.668001795631425921e-01
3.147213192278286442e-01
4.005056268852058565e-01
6.198312689775775652e-01
9.042936994774208870e-01
4.821732773052644916e-01
6.256236133594939020e-01
-3.122721921045013005e-01
-2.869002173611079343e-01
5.479931530771864345e-02
1.258593727015977493e-01
1.531497559881245252e-01
7.520330882471171208e-01
4.241661883952474454e-01
3.920472408935893327e-01
5.507621381184435450e-01
8.391331220991560258e-01
5.189639864511264022e-01
8.346228241862263530e-01
7.007207045717223082e-01
1.836041008118627360e-02
2.652833472893689759e-01
7.676791256017168052e-01
-3.892119480042310897e-01
-3.901755860624689376e-01
3.632509333328926004e-01
-3.696948738252103794e-01
1.690113862196085392e-01
2.960323968181910459e-01
2.801633343096909812e-01
2.489062751465098700e-01
1.083467324747289240e-01
6.809754893311037449e-02
1.560189417659785249e-01
1.166383469808351947e-01
-4.874528940490563400e-01
3.894763977996262838e-02
5.213870934994702111e-02
-1.119809169836116780e-01
5.918542456129216589e-01
-1.494377102062571794e-01
-2.861591497094195802e-01
3.904856669123546453e-01
-2.908275007484917296e-01
1.112152858695480973e-01
-1.401128031375264982e-01
-4.934948805157546303e-02
-4.332682124186248984e-01
-5.077374680695356801e-01
1.568895413583959453e-02
-4.734049809940188425e-01
-1.667195448362690513e-01
1.364560517913560034e-01
-8.209551793925129459e-02
7.322115607166779228e-01
2.968670855807431508e-01
3.615315904426097404e-01
6.292182774814136792e-03
3.818354343820828944e-01
1.568874097301886650e-01
3.561254402484337334e-03
8.294518352158775087e-01
3.852157135497691343e-01
5.989824671814858448e-01
-2.855415459634969011e-02
3.184163688274566084e-01
4.436353719938779250e-01
-5.840398387135792291e-02
4.381224414373718901e-01
3.955552472234558081e-01
2.939412979685585015e-01
8.308418273372808471e-01
1.321702427503623767e-01
3.508277472974441480e-01
5.625105359285953455e-01
5.218807928031310439e-01
3.734502911356685217e-01
4.880362780568248127e-03
4.412310090629034676e-01
5.474968816088221502e-01
5.915425731473078486e-01
4.457162106064060936e-01
3.084183219925762387e-01
9.239852261089254171e-01
2.676459871508996002e-01
4.657518672956939554e-01
1.052451068517257227e-01
4.305844072405307088e-01
3.590124606489553116e-01
3.341598358019837178e-01
1.573913266383897280e-01
3.117219478099286789e-01
-2.210018834603033611e-02
-3.047179930604215770e-02
-2.502147538052668096e-01
-1.725955911524579278e-02
-3.059913069591857493e-01
-1.213330733662587591e-01
-2.804710561576939654e-01
4.439630458819010528e-01
1.037847141560632735e-03
-3.146028575429227203e-01
-3.043709284611395560e-01
6.827747256465954706e-02
-1.120987747071922058e-02
-2.535220744448452024e-01
-2.083656056584004546e-01
-1.055961575957553578e-01
1.134798424118343974e-01
-7.197733111752313562e-01
4.281909582459775265e-01
-3.288301400061754975e-01
-1.594396508153295144e-01
-4.502142587625712622e-01
-2.480370255852903938e-01
5.624846153295948170e-01
2.212794925071648322e-01
2.788039239476347575e-01
5.158183284947881475e-01
-2.186792471547960304e-01
8.490331993016297929e-03
3.960651611123466864e-01
3.039028229068208020e-02
6.987290817050961778e-01
4.048112884902366204e-01
4.340912198586011073e-01
6.346967893477994949e-01
6.302856263573630713e-01
-3.400881212201056769e-01
-1.635748390071967151e-01
-2.027577465923968703e-01
4.495163352657982614e-03
-1.560119926580227911e-01
-2.788225401673116721e-01
7.717099492765555624e-02
4.064703489348175935e-01
1.742540689519955777e-01
4.692927291216619778e-01
4.958499744134314824e-01
1.642830795844929526e-01
6.503541953861713409e-01
8.195370924113376532e-01
5.951497428213770036e-01
2.574836059920926346e-01
3.918098627764265984e-01
-1.771151971752260579e-01
-1.212986688869932550e-02
1.820542792074775207e-01
6.648994030911126174e-01
2.712255877668212634e-01
8.301379921249463223e-01
1.437092862488498213e-01
-2.026352774464612594e-02
2.742975766523159109e-01
1.325866207935177954e-01
8.938732065644217073e-02
2.618984353830455802e-01
-5.636179167822774616e-02
-7.349495945163653232e-02
-1.084521699112883653e-01
-2.397656260200164979e-01
-1.687527628746465780e-01
3.127587433482403867e-01
-6.334825997100779205e-02
-1.905634263721367461e-01
-1.348948615031986265e-01
2.724961518651980441e-01
-3.202278264780034078e-02
-5.463513730319391470e-01
4.371986506157554686e-01
1.329934775640140288e-01
-5.814683845528634265e-03
-5.141865813129697926e-01
-9.760906038991379319e-02
3.137051862722728401e-01
-3.332429514557588845e-01
-6.667414709227159619e-01
2.672847756457485957e-01
-2.732876396294159349e-01
-7.768895784465712495e-01
6.612062009025976295e-02
-6.205624458743841387e-02
1.027960081501078093e-01
4.974230591869854834e-01
-4.710706491550809005e-03
1.222606016426652786e-01
7.317689778574276716e-01
5.716507303077378310e-01
6.400414918061869685e-01
3.667501573545450810e-01
2.664913836269988678e-01
7.205019869616080541e-01
-1.028424989613085927e-02
5.115762746754626278e-01
4.156653972131607588e-01
5.380440484259452205e-01
-1.716149853336901288e-01
-4.507653272867173655e-01
-2.121155802115026745e-01
3.554479803824506234e-01
5.579327648774778936e-01
6.122574802702729357e-02
1.182207029160053935e+00
-5.024276106269098818e-02
9.442430837225401774e-03
-2.355987476221343968e-01
-1.147943251567085099e-01
-1.111547476284613367e-02
6.692487204418284819e-01
3.221556141852488508e-01
6.703267558805237059e-01
5.428057647804962471e-01
4.034279470488399966e-01
4.374860651523704291e-02
5.525688493435154669e-01
9.880075424462120282e-02
-1.361517831810488133e-02
4.834618607674201485e-01
-2.509727892174851149e-02
-7.380884881058591418e-02
-3.272359947459335672e-01
3.253051374940696405e-01
7.792639422632419155e-02
9.702912961984111462e-02
-2.729286165958910715e-01
-2.836495127667149063e-01
6.445813482969242614e-02
1.270338998438091949e-01
-4.222355585170589620e-01
1.383340162419699482e-01
-1.452310414151725126e-01
-1.303911858485662378e-01
1.187084848197628162e-01
3.042341916170698823e-01
-1.035955818906586501e-01
1.439492223198612919e-01
-4.418580772380664712e-01
-5.668968583449895959e-01
6.923508522049814928e-02
1.941304930141996010e-01
-6.656333653154433705e-01
4.106158826289174613e-01
1.023615041617631505e-01
-2.529822609176335391e-01
1.897518586702062748e-01
5.653542984873638488e-01
1.798320852230972378e-01
9.127585371970781125e-01
-3.399247816560091451e-02
-5.301205874275183305e-01
6.882785328343743458e-01
8.613350246378104202e-01
4.376207698442158289e-01
1.414171606484160293e-01
8.542408522771438584e-01
2.426526464205380762e-01
6.293124101830471773e-01
4.164860456512542441e-01
2.430581389489816502e-01
2.476035660947673023e-01
-4.369224200218013721e-01
5.165533139006583951e-01
3.855140562336600851e-02
3.103881738297786796e-01
6.047790179763978813e-01
7.633695986442035064e-02
2.216318222281188355e-01
2.006597270565180224e-01
6.490714667961583473e-01
4.722547828350798227e-01
7.547654945483373012e-03
2.582032436748704640e-01
-1.006240069045816199e-01
-1.218317891016340582e-01
4.025458508749579778e-01
-2.757561787802842446e-01
-1.296048992571741110e-01
-1.120506354368444590e-02
5.144994474903796799e-01
-1.135494898107936024e-01
7.797529733011288045e-03
3.393508052340621362e-01
-9.106153697757690679e-02
5.250110746146674501e-02
1.156272091407117841e-01
-8.829938735743780853e-02
-1.640362654597993242e-01
-2.265310570237488719e-01
-1.077019362583087059e-01
-1.471094037697184831e-01
7.562844928088452434e-02
2.731853498971759109e-01
-2.592414034552348312e-01
-6.304034627646615263e-03
-6.710096158712985925e-01
1.092107595468405634e-01
-2.175148381411418086e-01
3.795982905785422190e-02
-2.411003663382871309e-01
-5.610548328149889130e-01
1.098621140727118473e-01
6.695113086152559845e-02
-2.777700842671038117e-01
-3.857227000025886809e-01
-1.384613312893634429e-02
-1.726854890193862957e-01
5.045436637374223210e-01
1.525070274510653690e-01
-2.155412772708586999e-01
-2.310364095592376543e-01
2.441724689106195001e-01
2.286364235715154791e-01
8.169262741830607411e-01
7.848433369872509502e-01
3.374645700660039438e-01
1.695856468586498522e-01
1.793475234990182798e-01
5.197611017138115130e-01
6.658153779426356778e-01
5.320436002875794657e-01
-5.167721894849819364e-02
3.705912945406453218e-01
3.600319473662239034e-01
4.806726110473391600e-01
1.161107121561144595e-02
8.518307481608644594e-02
-5.107821721139771398e-03
2.384090578289033147e-01
3.551844542926119175e-01
2.692165708140237257e-01
1.621200169665826252e-01
1.161242835223674774e-01
3.487738524654560024e-01
6.969886499064159580e-01
3.096633349741750862e-01
8.985585964182973839e-02
6.939748118384159170e-01
-2.194671537836256903e-01
5.042791144660441205e-01
4.256149850334622897e-01
2.594255192889249884e-01
4.180720623025990790e-01
1.458182623537140898e-01
2.536941678954462986e-01
1.458925567021651659e-01
-1.004393652692670003e-01
-5.138424086226223153e-02
6.750893533080670750e-02
-1.277243910635661450e-01
3.570179956113861408e-01
7.959466330476061557e-02
4.407517906201974256e-02
-8.317827848713932326e-02
-1.499755057920992840e-01
-3.915423860689770663e-01
6.223658033377432730e-03
2.347569107996605453e-01
-1.327409933082890348e-01
-2.607863223147433018e-01
-2.741678883921849774e-01
-2.746458562796760816e-01
-2.372397034378082026e-01
2.311041527036650223e-01
-2.701008554595318856e-01
6.449809006880968809e-01
1.584706126322998898e-01
-6.584548373211873695e-01
-4.188718349951159325e-02
2.980929423301859060e-01
-1.867052645820876933e-01
3.949581355300324503e-01
-2.715144091780530289e-01
2.881717762193147792e-01
5.523077106772689149e-01
1.160077403028481058e-01
2.614171989989699796e-01
5.262413083073624875e-01
1.575668306941224728e-01
3.069915806008793879e-01
-4.521322694017726462e-02
6.681289050902705640e-01
5.353863343771081418e-01
5.024403435527347028e-01
1.358695698172596167e-01
6.500916356344532687e-01
8.780334610491991043e-01
2.011521473832544871e-01
-2.382561774538771715e-01
3.928660419205698417e-02
3.187475670074491063e-01
1.122542840903406614e-01
1.008749137554332265e-01
-4.851235075875592884e-01
-4.402676978543240693e-02
6.834914074715925381e-01
-9.885781082630273886e-03
2.248757482448127121e-01
1.058387724128806440e-01
3.895106601703446358e-01
2.731062522798310965e-01
1.293805667046399321e-01
2.885695664645027136e-01
2.488758354957099073e-02
1.439377541601061239e-01
7.025540753602399491e-01
4.264632877948315581e-01
1.929884945184312528e-01
4.930368504574289545e-01
4.896054974778962787e-01
4.596954852331691654e-01
-1.986932147701736540e-01
4.717675494703144068e-01
-6.685439757347921841e-03
-6.201683788731315872e-02
-4.215630156068073120e-02
-4.494663983223290415e-01
2.204027822472198750e-01
-4.132532893663665163e-02
4.322001814216491766e-01
6.268462016123521607e-02
-6.530883069899573456e-01
2.947853658952226397e-01
-2.465195336753822630e-02
-2.762680821888352511e-01
-4.730362235250140657e-02
1.520626824458304327e-01
5.921545920273274533e-03
-7.774467576382448897e-01
-2.799704930112056900e-01
-1.983951847250864375e-01
8.716898491911706515e-02
2.350155341446225066e-01
-1.425965763246495044e-01
-1.136407803414840600e-01
-5.042639941166271456e-01
2.326966210830505588e-01
-4.419607932959479513e-01
1.197994663471035892e-01
5.770208986177749466e-01
1.213540912203825428e-01
1.653301637816184666e-01
4.617480726665235125e-01
-1.288522923914570129e-01
3.224458282602427062e-01
8.947254173108376563e-01
-4.278422238712664694e-02
7.074896188896673266e-01
9.242621672456152737e-01
4.683971326358005172e-01
-5.912856977374758571e-01
-3.360603955115948338e-01
2.581270166501781205e-01
9.472827855461218860e-02
6.245803092497226316e-01
5.845473083354590926e-01
-1.754124667741052690e-01
-1.729167280473120627e-01
5.570674375121598132e-01
6.787912525396677665e-01
6.874824407532287296e-01
-4.160236528605310014e-01
2.898591162647790043e-01
5.137922016729135066e-01
3.221236966055585071e-01
3.029774688911857083e-01
5.229013027019391302e-01
-2.363560156481980812e-01
1.855852502785637625e-01
2.727403511926240753e-01
7.173014182626502588e-01
4.807077971236140002e-01
2.918760060310887638e-01
-5.802931468679162208e-03
-1.194034382479003398e-01
4.494622629636069178e-02
1.742921824643417494e-01
-1.347910938420682214e-01
-4.167882536876277300e-01
1.378431591092521558e-01
1.927098196574661415e-01
-3.091024325385660632e-02
4.941836095895268954e-01
5.953226036581327207e-01
-5.785545340586395469e-01
5.230637611930433195e-01
-1.596545899928969448e-01
5.033570005252840929e-01
-2.882935845605061331e-02
-4.829355475521879271e-01
2.869396382720879046e-01
-1.231041579785596696e-01
1.607407824621986947e-01
-2.341169249575614231e-01
4.060093772295658709e-02
8.247793630289379507e-01
-1.081186411511225742e-01
5.298391556607384700e-01
-1.392332222849290702e-01
-5.939533025411947165e-01
6.236020340111281257e-01
-4.253098211393080419e-01
-4.302494289731839672e-01
2.984573370667931158e-01
2.588541008208267158e-01
6.181247726999572478e-01
2.050147145382652525e-01
3.117926894447009545e-01
-4.245704943173223000e-02
1.097476570066646673e+00
3.945298203689162619e-01
6.493356181636045221e-01
3.410993087982205907e-02
-4.024242628020147095e-02
-4.801487420991179533e-01
3.605650817917194217e-01
-6.105216243668110110e-01
3.940716055694792885e-01
5.108499294692592230e-01
2.294464707119914237e-02
5.309167931955016684e-01
4.208167752040026244e-01
-1.193937322341298568e-01
-2.306054653899991536e-01
1.173097459172822710e-01
6.598563686566194519e-01
1.472776602895464748e-01
1.220111869315587683e-01
5.826648248330457136e-01
-6.014502673679089639e-01
-1.316510207516330411e-01
-1.977228976102196611e-01
1.289488693601015257e-01
3.771140200115041807e-02
3.258024889873922803e-01
3.569948034964909311e-01
8.003984248716733418e-01
1.441329686713288538e-01
1.000615199586718518e-01
4.471572481179464376e-01
-1.195513732454855926e-02
1.628809798148722621e-01
-1.546817145481327316e-01
-1.109003022747856448e-01
2.296931711498473305e-01
6.376718033607176039e-01
4.280041707716009114e-01
3.617554682477930328e-01
-4.794849246536614373e-01
1.918232612752035493e-01
-1.138342611284315353e-01
5.060356897956808098e-01
-1.088191652343084570e-01
2.681413775462715421e-01
1.425395339538226835e-01
-3.684293972128216410e-01
2.935279894700215664e-01
1.161579774588972214e-01
1.601311225840618135e-01
2.175607392018719111e-01
2.988568326145468745e-01
-8.550513541649706895e-02
7.448238079632574227e-01
-1.537978704391207430e-01
3.627385467552812770e-01
1.120392312259355094e-01
-7.331386200348788407e-01
-7.771585330829111626e-02
2.542710433317552088e-01
-1.906746831537020626e-01
5.533072453545173630e-01
6.183468030940275639e-01
6.007290380694030318e-01
6.019259899403550662e-01
5.848937689734157175e-01
3.406925088711432181e-01
2.758614527920144610e-01
-4.042989587560441578e-02
-1.120686192734865472e-01
3.558377557055791840e-01
-1.652401238061429467e-01
2.534512191232352052e-01
1.237303308698756155e-01
-7.077987618231418310e-02
3.120348992524668574e-01
5.236650508777529467e-01
1.548958437069813954e-01
-2.462169277350767516e-01
3.495112537166278344e-01
5.169036967345164157e-01
2.884955279114365112e-01
4.158399633524823003e-01
1.026499347744902479e-01
-3.140439730486832559e-01
7.058015683014673414e-02
1.993340106309915427e-01
3.935873564842040651e-01
8.317536526192270685e-02
5.586929887613223400e-01
1.191392584587447345e-02
3.392037228877597954e-01
3.341668275425035972e-01
-2.574273310074204346e-01
-2.745023550687619718e-01
-3.381285296200076118e-02
-2.355196215830801520e-01
7.803195245514871203e-02
9.263243327950476669e-02
4.550179255602415651e-01
6.478942395915510133e-01
3.936661698844545754e-01
7.854941941332072020e-02
7.396729984066041652e-01
1.724136637903939118e-01
7.019279451014881488e-01
2.136045509359973948e-01
-1.317375506459939061e-01
2.842863011665031081e-01
4.194231451037921943e-01
6.061301149884457118e-02
-4.980342396265768912e-01
-4.055016233905917034e-02
-3.489689390789862955e-01
-5.120847959005914163e-01
4.518216201176983304e-01
8.625649883242658689e-02
2.013494224684109213e-01
2.414565187791595235e-01
-4.751678943648585118e-01
8.737978873796237167e-02
-2.151262208371917950e-01
1.254162498298683204e-01
4.415706200688873651e-01
-3.446501750659081154e-02
4.681625966895808233e-01
6.058755275262228679e-01
1.488918144332274096e-01
5.609599895706196548e-02
4.431012712302617729e-01
-2.237228784451872343e-01
-1.425206050953420345e-01
-1.367462800772045739e-01
-2.002261965117213549e-01
-2.092792641406049370e-01
6.073320264476933517e-01
1.614096163393696770e-01
1.891561396405450068e-02
9.961790965462569147e-01
-3.433071924519026652e-01
-2.076772034342866391e-01
3.852968859519023681e-01
7.675988911159947747e-02
3.184448473803058732e-01
3.712499818675496499e-02
8.439406542493088637e-01
2.493985675755538978e-01
1.491407601861283183e-01
5.275140324556559790e-01
3.753241912818339188e-01
5.938377967140695546e-01
3.114891740096936701e-01
7.068924787745345384e-01
2.837444696979218861e-01
1.514393375146028120e-01
1.116537902134950855e-01
1.364810628956547589e-01
2.422386273792653810e-01
2.794200781863764860e-02
-2.374915055725068669e-01
2.532536882426938973e-01
-1.274097769510262879e-01
-1.609264757007622393e-01
2.792631335069017950e-01
4.122176164855773095e-01
2.281675079984779586e-01
5.003068395126319956e-01
4.026080944186105626e-01
4.798434929398354143e-01
9.558907549944706261e-01
6.947819883862393908e-01
4.620208073902176693e-01
3.802907428962498670e-01
4.944818101648706943e-01
8.531999640126741724e-02
5.381660912462393753e-01
3.078521331190131605e-01
3.880697363456420135e-02
-1.380742560286307707e-01
-1.033710304909618571e+00
8.799631814326858148e-01
-3.495854343782411888e-01
5.547557861973473337e-01
1.394652713315736037e-01
-7.375054167368944036e-02
3.607476628531003371e-01
1.344284044080268359e-01
3.156715706609247718e-01
2.866635213649715297e-01
2.219342434273130493e-01
6.097147888795007020e-01
5.032408125771326013e-01
1.080518075013969792e-01
5.235157800598244648e-01
3.396798433641379233e-01
-1.631800188306442578e-01
-2.534520433528086869e-01
-8.912161320040468127e-02
2.394998546151327901e-01
2.091104249757336220e-01
-2.391914222243940458e-01
-2.062829196347593097e-01
2.885529397644859273e-01
2.285860034589859424e-01
3.479939323369762860e-01
6.911370320494825137e-02
2.866771353637886932e-01
-1.427838185463770060e-01
3.282195564224821283e-01
-1.668892046780001692e-02
3.814212732322630472e-01
2.214572987213614397e-01
-1.990785136740669259e-01
6.735925239809148479e-01
-1.367704953736392781e-01
4.573850560518621933e-01
3.550673710606133682e-02
1.596773273604412680e-01
2.018686586779949721e-01
3.482073793747986201e-01
4.252405005900072865e-01
9.417801294375749421e-02
9.788462307369627524e-02
-3.500070704376412323e-01
-1.315037110316552571e-01
3.142944819956028368e-01
8.862235034712284687e-02
7.346872621383226942e-01
4.063661833697551629e-01
3.336771499107271666e-01
9.140297834164812230e-01
3.864334985337336548e-01
4.521228049725323217e-01
7.294088959497457836e-01
5.901699751120759174e-01
4.597955580720736180e-01
3.345732864090678049e-01
6.802762300139875151e-01
-6.890414283589052502e-02
6.067809295018378180e-01
2.728040726651670411e-02
6.191090733409509994e-01
9.535533251892047701e-02
-3.027666934940498322e-01
4.895472898169828113e-01
5.232892590356641449e-01
-1.477989854947736603e-01
1.845512684894856648e-01
-1.341602029469868285e-01
1.481197386965504847e-03
-2.235075129419783480e-01
4.262610104888153728e-01
6.914682444403297268e-01
2.817735094140516594e-01
3.196495867996418383e-01
1.963361739854008192e-01
7.740352998553134967e-01
-4.738106440527189989e-01
3.154882790568080964e-01
-6.153882168291602284e-01
6.002277928018884268e-01
1.228033852385124192e-01
1.588539504382424639e-01
1.551646988673383021e-01
-2.312729776576816221e-01
2.389003839198267087e-01
2.073928015988713014e-01
2.216932699639073689e-01
-5.453681950484678964e-02
-1.357371957055875100e-01
2.411978812233428471e-01
7.478666930182953365e-02
4.671808824241452385e-01
3.570996227608702611e-01
-5.013651360741278040e-02
1.441833035187300993e-01
6.205523277458269149e-01
-1.842066268409325858e-01
6.279637432271556463e-02
1.134426454996173561e-01
4.158783895036322065e-01
3.877684378039703006e-01
1.252688406339075300e-01
3.907913423972786404e-01
4.825777182304591406e-01
2.740099489528802224e-01
1.820862678414414404e-01
-7.123739464987011161e-02
-1.940084075613413006e-01
-2.059047545799330692e-01
8.945881546651435201e-02
5.864690706403052900e-01
5.279802053337334655e-01
9.420652986591449007e-01
6.487597943305445369e-01
9.657247801442281343e-01
6.209978664628579281e-01
9.466132269153604284e-01
9.352633014714228921e-01
6.497097615465463605e-01
4.193974518784671091e-01
3.791370772887603380e-01
7.371647825493710116e-01
-1.609956683523705578e-01
-1.607816670912143309e-01
2.156745040338137187e-01
3.407342319405870512e-01
-1.471350401516247075e-01
6.407627779481117614e-01
2.238457170733454404e-01
4.051885866829252336e-01
5.344836608855985105e-01
-3.161083554914512206e-01
5.892836725251981989e-01
-1.391886144119780511e-01
1.230485793257685145e-01
5.106629146212071646e-01
4.070902264174947049e-01
4.658195962292666081e-01
6.109431183176639024e-03
4.897512440038553905e-01
-2.882936769310617819e-01
-3.183374417403683765e-01
-8.217733125093218405e-01
-4.685639396484475583e-01
3.230896936656790785e-01
-6.139264883131545503e-01
9.734046102494176012e-02
-1.091458329938177485e+00
3.701891841956239659e-01
4.425114639161620289e-01
6.380616923706838861e-01
3.548131815023225499e-01
-6.372316363467689371e-02
-1.262918658540002070e-01
4.566013274143188028e-01
5.031226919527398422e-01
1.351271237126638880e-01
1.925824051340896403e-01
9.575692416774472804e-02
5.274177397041057702e-01
-1.460330167901702225e-01
5.316343276717816480e-01
5.282607844492304139e-01
4.604987111633818131e-01
3.285119021256832639e-01
1.985832653872421361e-01
4.653513485664007021e-01
2.084821915104839718e-01
3.240599539822142106e-01
-3.780617703341704328e-01
-1.187524389933969360e-02
2.142365360668918584e-01
3.862394351017428562e-01
3.168868545344594168e-01
6.874872156004130375e-01
5.298020937516412232e-01
1.006354523269692436e+00
5.289208502290421166e-01
1.008886783893103711e+00
1.042530357153736986e+00
4.889286060461017769e-01
9.689848639027331956e-01
8.272246532214921899e-01
6.506940053441212513e-01
7.103712960088159889e-01
4.566048801279976033e-01
3.021987140527926385e-01
-1.033523631122079678e-01
3.114025730610592291e-01
4.833900675293989480e-01
-6.038283117959508672e-02
2.716017206694232300e-01
2.395741205418744357e-01
8.277045822069339920e-01
8.856214606112189358e-02
6.617314056711620651e-01
5.014197199670888949e-01
-4.383240082006523153e-02
8.009246244000678416e-01
-1.288667732524118037e-01
-8.896060421648144256e-02
6.655018296441994607e-01
3.275199560448527336e-01
2.747710254880075809e-01
-4.518487060067855055e-01
-1.708125125787773868e-01
-3.029500135198759381e-01
-8.484666835784082650e-02
-5.356617407414887566e-01
-1.335008761316203163e-01
3.443551293003110914e-01
9.053547955772955902e-01
-6.389079771906835958e-01
3.205768734915181994e-01
4.212947146697842982e-01
1.915120151352311950e-01
2.063130466467555379e-01
3.808664246207627002e-01
2.979060980123904301e-01
-2.223377038035323494e-01
5.245784677754272707e-01
5.439933374873362482e-01
5.298220457916613668e-01
1.665528941430238774e-01
-1.157903710691243759e-01
6.650896011706208810e-01
3.510922965688223485e-01
-3.206628207408357412e-01
7.356819651249679737e-01
3.490445124043617398e-01
-6.552329523401567712e-02
1.029458118750881113e-02
-1.262345534769337974e-01
-7.001435875508832396e-02
3.245267805596085964e-01
3.807542725553503260e-02
-4.731743530328458291e-02
7.161570181324350415e-02
8.223476584134914447e-01
7.031870836726739071e-01
1.123912170442054048e+00
6.157893039926420897e-01
1.019332557916641235e+00
6.399861831596354023e-01
1.003592046799894888e+00
9.781077778825419955e-01
5.778142622148152441e-01
5.777627620773273520e-01
8.665066957291855942e-01
4.788663545696181245e-01
5.594408776232739910e-01
6.012026574353512842e-01
2.283536417735376745e-01
3.286758953890966950e-01
4.091429843811056344e-01
1.923188648333962192e-01
2.673681365195079707e-01
3.003150936820020434e-01
4.706769232143415138e-01
6.795393119318760000e-01
4.956674501954694279e-01
3.381800297574955039e-01
2.829925449532311177e-02
2.373754171003383817e-01
3.653244391443877248e-01
2.767595788100152276e-01
1.731170868879416957e-01
-7.470780616358752013e-02
-1.309913955083175097e-03
-5.712189476980711333e-02
9.007230516999698011e-03
2.251807842412745231e-01
3.224265014978300314e-01
-3.806234758485516068e-01
-9.531174782750895247e-02
-7.799317245371639729e-01
-5.111287464387714863e-01
1.963641693691897672e-01
-1.829962315014199703e-01
-2.246095220925781177e-01
-1.696826927854999667e-01
3.976737161792698316e-03
4.619705009645258542e-01
4.028469220429542474e-01
-3.476301912996859755e-02
1.639100020156547544e-01
1.925355377352389041e-01
7.083747277647489682e-01
3.373543222551234066e-01
1.216961891259416007e-01
3.948739788484090241e-01
6.094713853599387221e-01
1.501381063917506253e-01
6.180379159559379332e-01
7.838337978682829998e-02
5.990963813928829040e-01
2.302648738350399071e-01
-2.626246953241206938e-02
1.878868971516567399e-01
3.275218318776751403e-01
7.093311751305009238e-01
5.985866664559580386e-01
6.734635462635196745e-01
9.483285339229041710e-01
5.974568466626806185e-01
1.109260665543843061e+00
6.777651719858113211e-01
7.239066803776950110e-01
9.499787552158522885e-01
5.577747970164637081e-01
1.188908868243743200e+00
5.928109771957679186e-01
6.379155479407927487e-01
1.116302200898644514e+00
9.050186804415716324e-01
4.113442741981998552e-01
2.571614174939895747e-01
-1.262817903580071288e-01
6.280108664213912562e-01
-6.270017394172100467e-02
5.803715339425252751e-01
6.309922468972217757e-01
6.958313178984099068e-01
2.045719043053395581e-01
5.927240067649108823e-01
-2.175456472741643665e-01
6.560068044336730964e-02
5.085664724902017042e-01
1.555522999296954367e-01
4.063380174557096325e-01
3.771111209971422795e-01
-6.095121989346807823e-01
-1.805552614086991525e-01
-2.083277763631485868e-01
-1.607005657433546730e-01
-1.491145837917429162e-01
-3.407567419344559312e-01
-1.564577871704386780e-01
6.667863772236160003e-02
-1.262979054672541679e-01
1.677817351719568251e-02
-4.824925099455867894e-01
1.009107108984608203e-02
1.030086167475019465e-01
3.637463805716834031e-01
-2.518794701700244332e-01
4.000225146683078492e-01
4.853069413002231158e-01
1.565866227792866994e-01
3.484374531126377406e-01
2.678194732652627863e-01
7.571292570673904265e-02
-5.923263870499795303e-01
2.900043227782589383e-01
1.218757006427040324e-01
4.487610567593947053e-01
1.018165107780077960e+00
2.891245003411313519e-01
6.824201932431606110e-01
-1.699323206594272051e-01
-9.313754389950190671e-02
1.543017020821935148e-01
6.920058694959152490e-01
4.910680218017660081e-02
-4.959913013635741663e-02
5.697616529687365983e-01
7.335509053518762812e-01
5.681352490682911593e-01
9.767466053745010868e-01
1.267683728656265885e+00
1.002346607492654584e+00
5.913986456107522827e-01
9.766436050995253026e-01
8.812370992927753832e-01
5.037031769461464137e-01
3.985262253536347998e-01
7.556639616268512327e-01
1.141184043262910563e+00
7.667634918107069097e-01
6.962052339076763019e-01
3.465734721430635545e-01
6.817735993536189198e-01
3.513668502819200512e-01
2.539742069984640693e-01
3.855526529150665738e-01
6.511683068310958333e-01
7.553638852186850272e-01
2.490406814104062505e-01
3.617044512793654576e-01
1.129879336758676800e-01
1.777800662239314988e-02
2.666728562417119974e-01
4.788799969901447184e-01
4.298729550100688357e-01
-1.037045009866233158e-01
3.445687752900994383e-01
-3.859490220747829881e-01
-3.795991574406798463e-01
-5.824358595418743789e-01
-2.924205944054847350e-01
2.662131493025299278e-02
-1.168734229395340662e-01
-4.251679683875408955e-01
-2.924643069945886964e-01
7.153630576794967055e-03
4.199642376079282258e-01
-2.783762340641260380e-01
-1.331347476707378519e-02
-2.409022386018477846e-01
4.293460733606480062e-01
1.765572221756883664e-02
4.605237222676805686e-01
3.462224071881792042e-01
9.505112785745950532e-02
1.302319390106276842e-01
-5.425694382665824378e-02
1.834206813100536237e-01
-2.565994066117127659e-01
4.217341142975783441e-01
2.817255335685331374e-01
1.511117631025626906e-01
3.975277991230541375e-01
3.091389544351841323e-01
2.015585067738356884e-01
1.143677650361496489e-01
1.863210883357169223e-01
3.513233934882009635e-01
-9.975487813562722295e-02
3.530232106641051359e-01
7.168019351411203388e-01
8.175635457519092597e-01
1.289351303057628684e+00
1.064155185304116458e+00
1.368085349895409308e+00
4.771671910930308513e-01
8.258195975940907374e-01
7.249179247992287856e-01
4.882424491370329633e-01
6.954093123567872681e-01
4.349056723640387645e-01
9.290151865570805967e-01
6.014076916471822187e-01
4.869964413956040516e-01
7.638850547664333135e-01
4.957742021360900253e-01
9.314864257703447947e-02
1.796215514104915201e-01
1.614671276684020995e-01
5.730249768021167256e-01
4.068966745762736537e-01
1.066955590545148880e-01
6.210292440300690942e-01
5.513585392691311426e-01
5.590419505097088404e-01
3.795747716139885597e-02
5.119287038723996375e-02
4.201277548077086976e-02
4.398775104164087679e-01
-1.807012495191884227e-01
-4.490740366236423142e-01
-7.226700518003781326e-01
-1.696417939456296153e-01
-2.574314521552878432e-01
2.134486720706263441e-01
-6.186734253788017668e-01
-2.657757534052507253e-01
-1.682035986050323118e-01
-1.171694279378243664e-01
-4.156285626777389552e-02
-1.610052606793033192e-01
1.521695196515793214e-01
1.195448078306071693e-01
-1.622581891069785343e-01
1.605606172461193637e-01
4.097900045962887816e-01
2.844147104497096734e-01
6.773672112103668042e-01
-1.588147426900832215e-01
7.237827048811595887e-02
1.959232776016506250e-01
1.344204179076768924e-01
7.087133724326122319e-02
-3.196228988144866889e-01
1.542949092936396482e-01
3.622547808390663704e-01
7.259890253408229910e-01
3.507501560306991450e-01
3.925375722246826626e-01
2.013360784758333466e-01
-8.877719892552704550e-02
6.571249855369387660e-02
2.403478731594077544e-01
8.500407489009376150e-01
7.854752084313076921e-01
1.195794084196677431e+00
6.444173550335108303e-01
1.022910169012902770e+00
9.894904451357433572e-01
7.362725682469317690e-01
9.188352123601362109e-01
8.494376402268244419e-01
6.203596285558887757e-01
4.213773650008079130e-01
1.256746941180608701e+00
9.244062084690085612e-01
7.919787208265915979e-01
7.708688940510910470e-01
6.296353376455954276e-01
7.395479997285292484e-01
5.306932280291221105e-01
1.023046394266202697e-01
4.540625582194479648e-01
3.867571933824365260e-01
3.991298740402271505e-01
5.855858375980460551e-01
4.682809162659395952e-01
4.825277528652804904e-01
-5.284732651489321142e-02
7.441863090207334608e-01
1.923079224752655136e-01
-3.556408216809359146e-01
-3.955923943976813462e-01
-1.392164818980745622e-01
1.389076942359679379e-02
-5.363691002457926515e-01
2.414668642813921906e-02
3.241450130531120521e-02
-1.368764088738316786e-01
-2.677982706700277049e-01
9.895187247366266092e-02
-3.006485371770395432e-01
-2.008947319609433180e-01
2.637017644246952841e-01
-9.187436944557703100e-02
2.153590941134098102e-01
2.412924686723272316e-01
8.327988609835301759e-02
4.838144036511948798e-01
2.374876544308790471e-01
1.498967634461223497e-01
4.064499137257371331e-01
4.889177489530993626e-01
5.992725959913514089e-01
2.197584194618684705e-01
-1.767395474416844081e-01
-9.017801261279601022e-02
2.037245678820909234e-01
1.832337233054204262e-01
1.448330237963091349e-01
1.635139312838873593e-01
1.356913088557121227e-01
-1.877034776498476276e-01
1.874070818530526594e-01
8.134940543413904379e-02
3.203735445822530892e-01
4.577859726850874722e-01
-2.868050330562255112e-01
3.542662341260438552e-01
1.074716919902130030e+00
9.912539553624810651e-01
8.255264560830255505e-01
1.259693704014352988e+00
1.059486294252565131e+00
5.106546154820534866e-01
3.182426269177085487e-01
8.479865982735645957e-01
2.549147666286444291e-01
4.340837733707303414e-01
3.413332194668328157e-01
9.168865062747499906e-01
1.029747181746643037e+00
9.790661579245352186e-01
2.327150809833256062e-01
3.150902045945258578e-01
2.433147301417193376e-01
3.205528003036306472e-01
2.654776665167446481e-01
3.630269986842904473e-01
1.837298952978017041e-01
-2.304292507915306487e-01
9.501070508122211322e-01
9.439676205147407018e-01
2.806436896207742393e-01
-3.658392699890100630e-02
9.385485668644832913e-01
2.685830509108200204e-01
8.210946589315426536e-03
-7.417829550604437827e-02
-1.244569318714638939e-01
-1.861016443172047730e-01
-2.591366978776932228e-01
-2.475410383340204135e-01
-1.886678688833853812e-01
-1.124520991879762732e-01
2.055071490758564323e-02
-3.659976925973751349e-01
1.573996826209622668e-01
-1.288803161969553912e-01
-1.295758522701362381e-02
-1.514820553438767092e-01
3.353350166435120627e-01
2.160248016025434481e-01
5.600369377134484239e-01
6.510540515591856092e-01
1.108478613787156064e+00
6.662212399533018470e-01
5.038623385189566761e-02
1.241092775217111921e-01
1.691065563136362471e-01
1.518841941106074955e-02
1.950030821262771497e-01
-1.173040189428320446e-01
2.249400949949631467e-01
5.365107540455937851e-01
5.583966071753820870e-01
9.213866292157035787e-02
1.073209361379667826e-01
-3.064608904423948843e-01
2.645499534992268309e-01
1.839357395283514052e-01
6.356909807436750270e-01
4.172545686742523685e-01
7.607720249325211626e-01
9.488561545367701910e-01
8.851191068970365450e-01
7.701173672103323042e-01
1.001612872641999274e+00
7.395456123049370944e-01
5.979453590043704025e-01
7.415100640173477586e-01
7.549455176558694802e-01
6.605043267882138025e-01
5.459326644086104352e-01
6.328598374238936231e-01
7.617787787239649333e-01
6.411696631403174251e-01
8.642937245895154774e-01
6.438104378503339831e-01
4.448926915756601375e-01
5.667758387062349357e-01
-3.729208941649631015e-02
1.879872684185102116e-01
2.798734612952102907e-01
3.782513999794900883e-01
3.362843585819064174e-01
7.245766653340979246e-02
-8.656760996927914675e-02
3.527989349549898179e-01
-2.318713967497387785e-01
7.402960733315921971e-02
6.781093020435946528e-02
1.244712564130168175e-01
-1.231261990142229479e-01
-4.350392543983616633e-01
-4.855178303841967136e-01
-3.740739202839904465e-01
-6.476554972323356196e-01
-2.480643388480530120e-01
-5.182128006708808243e-01
-2.404411247880489100e-01
-1.737634676146626589e-01
-3.480602117633679882e-02
3.904021639300481183e-01
4.165637790265463991e-02
1.925031085647788132e-01
5.835064484926988371e-01
5.402459350989374798e-01
4.981102392775937915e-01
-1.199151000719211879e-02
4.352794746864674380e-01
4.461178377823671326e-01
-1.981872230771841714e-01
-2.713032358769851271e-01
2.293494674177054549e-01
-4.275531466646498302e-01
3.860958202039910248e-01
1.717376392207370372e-01
1.069213482196573750e-01
3.457267325757129584e-01
-3.865112887524446705e-01
1.171918952991291007e-01
3.814244280420098221e-01
3.031743744941195473e-01
5.725346454710233957e-01
5.376420517677615862e-01
7.438273428306274582e-01
1.185225073641049676e+00
8.417658250436943490e-01
1.087664600163407158e+00
8.323419820044364315e-01
8.773633339842490386e-01
6.329012194328242913e-01
5.515228167496388778e-01
4.956271482114971150e-01
4.960393766850756947e-01
3.845599394480814226e-03
7.889638027336332016e-01
6.435540171878528781e-01
4.751776714329025708e-01
6.725600769641459920e-01
3.236293650843435898e-01
6.762609245924977586e-01
1.807454452773527009e-01
-1.628084334015511558e-02
4.429817579421069240e-01
-8.433025300291774329e-02
5.937112064202665351e-01
3.948215407945099287e-01
3.191592554685485084e-01
5.531851599016590626e-02
6.451692797782015987e-01
3.019709993168362416e-02
5.271874670143006369e-02
-1.365512503070931416e-02
-6.336074989121698309e-01
1.793111437109473627e-01
9.642152321021058015e-02
1.814368744135208544e-01
2.031021608672745060e-01
1.759598688977348502e-01
-2.626408672767865937e-01
-5.491970682669489179e-01
1.293984155381622259e-01
-1.787388725915661780e-02
1.247825878181174630e-01
2.229858893088021432e-01
7.575386007374618202e-02
8.540861529127141694e-02
1.948098997672786936e-01
-1.684834671777935000e-01
7.826207593097933568e-01
5.845747637067688629e-01
4.080412452367454534e-03
8.250607379522989504e-01
2.908592477979254909e-02
4.911208861813065596e-01
1.838076002513844287e-02
-1.082142233599370229e-01
-7.423353736157878302e-01
6.416047426682780497e-02
-8.221594782753527397e-02
5.775981435363064520e-01
3.032632776012178510e-01
3.780219230975490063e-01
3.899291698417073349e-01
-3.998706290531117702e-01
-4.786016916114022024e-02
1.055195824051224918e-01
8.001692890502454247e-01
2.202055924271917320e-01
5.142504733157693408e-01
9.311404483014484867e-01
5.482654614752391353e-01
1.136449782279669307e+00
9.445898285775911063e-01
5.150092761141422670e-01
5.364103117244667374e-01
9.361267530039185658e-01
8.021917778933129739e-01
2.705841666283959057e-01
7.714869525443646125e-01
1.095374273063498549e+00
2.948264068436401431e-01
1.216276132254279219e+00
4.592106677137053339e-01
6.598659183509880677e-01
5.007539130019722506e-01
4.970547138327674475e-01
5.684579207354545360e-02
-2.241864081042876933e-01
-1.708152410628827056e-01
3.682473845856293337e-01
6.618400902880239300e-01
3.253904878874891438e-01
-2.058986581232602475e-02
-1.462466912016679998e-01
1.840001573327754159e-01
1.125425015402470308e-01
-2.539456716021959437e-01
7.428634063444405911e-02
1.081352110077204998e-01
3.306207574382824532e-02
5.667416758114995901e-02
-3.079708221775945276e-01
-2.425152842988609336e-01
-1.241107270288921427e-01
8.890026492736069486e-03
-2.256655307064647786e-01
-7.622701758691619034e-02
8.991931963464594446e-01
6.893625936754688155e-02
9.477263063217833405e-02
3.884514399032923393e-01
2.716188873819191940e-01
8.138977136695757508e-01
9.918628620653180405e-01
7.876146241869719233e-01
3.608977294788928702e-01
1.252964239029097371e-01
-3.536871417963993736e-01
5.204976218919910025e-01
-4.129420858589583077e-01
-6.414507538465841208e-01
-2.743223035395203624e-01
6.252166144804505166e-01
3.987356080870085862e-01
6.451321041822666302e-01
-1.374284295252437005e-01
-4.455095847788470564e-01
-4.873979975172915147e-02
2.833282906067324802e-01
4.043492367600265425e-01
6.593148782485513948e-01
6.813981201503338525e-02
9.172649697575252503e-01
7.981338967510964721e-01
7.141006221900170203e-01
9.875656132862786762e-01
8.725399425202340353e-01
3.932199206246878020e-01
5.991887519485317171e-01
5.493953949553542770e-01
5.020091293772566132e-01
4.381877261039335281e-01
6.477350211753218900e-01
1.080207766790408641e+00
-1.398235554006532766e-01
1.086869588107219897e+00
7.391951157842413522e-01
4.303049081499921158e-01
3.602093840981979156e-01
-2.914438823609089013e-02
1.451153224252266227e-01
-4.603748493536841124e-04
-5.947371164438663982e-01
7.023753596513415687e-01
4.433038043316628318e-01
2.926289539573190268e-01
6.295886123552918434e-01
2.035559703017497668e-01
-4.366098664831952192e-01
-3.056586024285934400e-01
2.028836121326094144e-02
3.026024728569609579e-01
4.066750136644259328e-02
-2.145497006722507649e-01
-2.422983698124880902e-01
2.730716062160354340e-01
-1.924586001678108005e-01
-5.266479092824738473e-01
-4.828274882129335310e-01
1.910007512151423725e-01
6.727734103151306044e-01
5.416961812443332747e-01
6.495001230177877005e-01
4.219595552967803087e-01
1.080360618743725354e-01
2.729729828843119321e-01
9.084691896532604005e-01
5.563156832977256272e-01
6.627045650020590983e-01
8.055247349147975910e-01
2.813308981330919778e-01
3.502085732520754391e-02
-1.811288541375688510e-02
-1.427712419399540522e-01
-5.175024284653773066e-01
4.067498480253561866e-01
-2.886494598897115793e-03
6.950058946131321136e-01
6.684874733764445409e-01
9.042472584042116068e-01
1.620612977148994105e-01
4.661423247398488456e-03
2.287923166477412451e-01
-4.155977535447163973e-01
1.522892603134096134e-01
5.340913276086212136e-01
4.493719529818918090e-02
6.498820539491134696e-01
1.035609557220595889e+00
7.032352868918678723e-01
4.175802814643247984e-01
1.090438900064327754e+00
4.137547193749924190e-01
-2.173900810475970502e-01
4.120181529287947342e-01
3.307365830096387072e-01
8.457613489554205444e-01
2.637695786233962281e-01
2.400979894900956424e-01
8.046109201131912414e-01
5.927061010879697278e-01
4.724882955997600220e-01
6.295766752373310737e-01
-4.547975152036087820e-02
4.419649712872342207e-01
-7.005799318449135171e-02
-2.874382687423349125e-01
7.736683187431481201e-01
-1.168765066950072651e-01
5.725144092139089480e-01
-1.028276344072764914e-01
7.498146032958175056e-01
-2.144439861240243772e-01
1.702012468740576878e-01
-1.862206886471540201e-01
1.422837669906584779e-01
1.331392809333920013e-01
1.410610472873941035e-02
-2.506698137949570082e-02
2.321906151792063611e-01
-3.468335023626423208e-01
-1.262890236830571666e-03
-3.103941708104684949e-01
3.843757667709724046e-01
4.933796162731596269e-01
9.993642891004128614e-02
4.543570639725658111e-01
-3.435305870880256407e-01
-1.773858571141317952e-01
6.214875156729249284e-01
1.280668811887153424e+00
6.615216534555656835e-01
2.888349115437449655e-01
4.698213729170674924e-01
1.030433622872806154e-01
-1.196876127096402342e-01
-5.543271299757179804e-01
-2.286868436840450158e-01
-2.752508407866116613e-01
4.654964413930429146e-01
3.664554242277517915e-01
4.436807046204194194e-01
2.326075616565503879e-01
2.635466103129147086e-01
-3.597290287871146575e-01
5.835474894411163405e-01
-2.910224736751843011e-01
1.539170924047539302e-02
3.961460492973856162e-01
3.077806809415051248e-02
1.582610025252506603e-01
6.350231842588982545e-01
6.582468472515756730e-01
6.025181278346281033e-01
5.993417744321050122e-01
1.905086719489190727e+00
5.104963065605261363e-01
2.463327746227150783e-01
2.764214173112122808e-01
-1.142244343554921215e-02
8.251518579527328257e-01
6.309260811576677952e-01
5.968977916381845716e-01
-2.077646001907851314e-01
3.764550342566508334e-01
7.299337312360876240e-01
5.374242846301058307e-01
-1.412953594126520329e-01
2.024760590302321361e-01
-2.281694975181380869e-01
3.044825689357821830e-01
-5.445112947199959308e-01
2.342573566238570493e-01
4.088903722276882036e-01
-2.212139236235088902e-01
2.488376367182354443e-01
1.245257124082854716e-01
-8.027312503600114724e-02
4.640162387659074739e-02
-1.196441274942117161e-01
3.435371809246134944e-01
-3.828816659279254964e-01
-1.283814583530329401e-01
1.597309449152817251e-01
3.743900549579848303e-01
4.921216145703510847e-01
4.993385118723381311e-01
3.802348373938002624e-01
2.703175141505198553e-01
-7.910069399486019392e-02
-1.457973581864280277e-01
8.960344075603643432e-01
2.986952267747255974e-01
1.022381070470146369e+00
4.302370939512911718e-01
-9.801687639310330269e-02
2.945934340914391214e-01
8.163231655089475680e-01
1.629852164342082688e-01
6.693023237858142238e-01
-3.098328420492180157e-01
-5.919064278714358807e-01
-3.844847640266380040e-01
3.686157299398473697e-01
2.992089491726801498e-01
3.456346462371584494e-01
2.631644235862040659e-01
8.887703017990133958e-02
1.918895691233046819e-01
-2.148692175296673668e-01
3.223849205369333504e-01
-3.460430946233827854e-01
-3.857351487113191979e-01
4.057733349327463657e-02
-5.820396609124145471e-02
4.227154022373724729e-01
6.131024292699294165e-01
1.537355956315877847e+00
4.866365088673774153e-01
1.587097528954473091e-01
1.053367896020063199e+00
4.745111255033407360e-01
5.753234972871723585e-01
2.258821751865980332e-01
1.520097185903068748e-01
-5.744539421925765055e-02
1.319844784575252561e-01
8.351422593477764167e-01
-1.884822609099501278e-01
8.738485917092475574e-01
4.486106490730890073e-01
7.335916052397806197e-01
2.122756512790147099e-01
1.659467869785657967e-01
4.771752628585090861e-01
1.770658712985095917e-01
2.596195827209157869e-01
3.294166504019813146e-01
4.580910939466775744e-02
-2.413584354599151993e-01
-2.709232660436100559e-02
4.627831344805599656e-01
1.500966106959822355e-01
-1.038209660464417539e-01
1.889952017108953441e-01
-2.208971352501976071e-01
3.477389043382572709e-02
-2.106976921822933946e-01
4.457224349607713521e-01
4.373411570668395143e-01
-2.079221133044484304e-01
1.116613290719215001e-01
8.591270557190000545e-01
9.790802835141221294e-02
5.476737214848981239e-01
2.857394463262608042e-01
2.436299268993025180e-01
6.930127938176156022e-01
8.526857300239498727e-01
4.611516146724170540e-01
3.937477970339386957e-01
4.496837959777622018e-01
-2.103988094859232660e-04
-5.758280394729808904e-01
-1.326664573753078002e-01
-5.913867653362103738e-01
7.793549912094022147e-01
-3.550827614162699319e-01
1.373872891008431907e-01
4.043746457682573237e-01
2.425834964014939032e-01
4.299847091715491842e-01
-2.875316624795232201e-01
1.051897271509005805e-01
-2.143714965541221318e-01
4.902364594272512477e-01
-3.054817057090986054e-01
1.214528140280890511e-01
2.744414473454526160e-01
-5.985997972857148852e-01
9.618453304938157089e-01
9.040324471243366133e-01
1.827480389238189673e-01
7.140219508983136620e-01
4.640405109057610389e-01
4.629641523479222087e-01
-1.438087053884373745e-01
1.024238827085355297e+00
-1.468099242174503161e-02
7.996936801646370441e-01
6.220173531801265199e-02
1.162151690436985518e-01
4.957593660037673544e-01
9.179040603157773148e-01
7.297853130694420543e-01
4.759509693030850030e-01
2.593044996501703281e-01
-1.897602430744882440e-01
3.086739752689027227e-03
4.172611625108402222e-01
1.901161255091210478e-01
6.110590788921399508e-02
-8.960915920397383161e-02
-3.175562142132548615e-01
6.451147100960952230e-01
-5.340709208212501835e-02
6.370262539689974801e-03
-1.489498373530295794e-01
-1.205331159326306079e-01
1.936404885327647207e-01
-7.981608973750553560e-02
4.164409617146702658e-02
-3.735374889402010012e-01
-5.772349140897858888e-01
1.940185825333173852e-01
8.283263497332882253e-02
-1.527087647446023766e-01
5.907242695002423716e-02
3.778911263907502871e-01
-1.028202518682519440e-01
8.776389108788862359e-01
6.856919867459509987e-01
1.219483323211534298e-01
7.936458814583602361e-01
7.699590582888049539e-01
9.148659785296331393e-02
-2.824598368533770554e-01
-4.563643756227975246e-01
-4.071962962370889727e-01
-4.588172259900602512e-01
1.701522194252902409e-01
-5.044525153152790153e-02
-3.044826613063378318e-02
-4.201392300728912232e-02
1.920158752000133973e-01
-7.707124893840955338e-02
-2.475728706485824659e-01
1.050835010119044455e-01
-2.010213506764557678e-01
-2.217961991846095771e-01
1.163793825753600686e-01
4.408814220369094983e-01
2.683028981209645281e-01
2.664417593223333824e-01
-1.584475626259518322e-01
6.436872581616626121e-01
1.221640559379011393e+00
4.493828669183130842e-01
4.394684083308675326e-01
-9.171706949473446002e-02
4.501674766288488172e-01
4.357838179203099571e-01
5.559678584177163430e-02
-1.557031339416425908e-01
2.474581606293213554e-02
1.898531252209068043e-01
6.885599646011542063e-01
6.736837576681864448e-02
1.471715052048239158e-01
4.953196253154601436e-01
1.826165885177033488e-01
-3.566384521036525257e-01
-1.262112476752008661e-01
-3.060885092054377310e-01
-2.438999331388913561e-01
-1.990594000744749792e-02
1.261154238818562590e-01
2.095130469115247251e-01
-4.614254578427789966e-02
-5.118729973219160456e-02
-2.332190973675096757e-01
2.399416132448095595e-02
-3.817523293037083931e-01
-2.499758977592136944e-01
-1.976343639853439527e-01
1.458923719610538683e-01
4.179220525202254066e-02
-6.012463416027458152e-02
5.265317213343223557e-01
3.321458166283264291e-01
2.439713000512711005e-01
6.284647042775759473e-01
1.143009171755693387e-01
-3.194683984020230127e-02
4.484890610001457389e-01
5.291067850521358196e-01
1.622741194751142757e-01
4.256091017396101961e-01
3.816040816673194058e-04
-6.670707648481766228e-01
-4.357066245574969798e-01
-3.549355653831298696e-02
-2.355807566800649511e-01
3.369835042121849256e-01
4.367101382740656845e-01
6.418875386771105696e-01
4.014480623482086230e-01
-3.712396505761716980e-01
5.192561047806520946e-02
4.025862381240585819e-01
-3.913866919447173132e-02
6.927821516455878736e-02
9.299730407974493573e-02
-4.159429067840392236e-02
6.786810047287872294e-02
-6.368905758336040890e-02
-4.290587867217254825e-01
6.712549520671018399e-01
2.210538525559968548e-01
1.086241923076158855e+00
5.891912451261305250e-01
3.560414256753574591e-01
4.312454962018819060e-01
-1.737380728172865929e-01
1.560658944299575523e-01
-8.744615342948236503e-02
-1.044656414705968928e-01
-7.634574217263434548e-02
4.838230438508617226e-01
2.358266328883473761e-01
-1.583900655077741249e-02
3.635718712757807225e-01
6.238187211238255259e-01
5.470828909892588854e-01
6.004863735142862424e-01
1.622366880837944336e-01
-2.321417440498407814e-01
-2.425684186846410739e-02
-1.833515028693000204e-01
-4.512585860538820270e-01
1.851779529715713579e-01
-2.825344154189224355e-01
-2.016716678099328419e-01
-1.120596238024518243e-02
4.971718681190395728e-02
2.558596179369487800e-02
2.370082654579164227e-01
-2.147793480844484293e-01
-5.052138263295091747e-02
-3.286914420641551260e-01
-1.753427625317272032e-01
2.390675319929869147e-01
2.351030445879587205e-01
-3.409659257158637047e-01
2.204637041813839460e-01
3.669865407118777512e-01
1.564934564157738350e-01
2.335843589662545128e-01
-1.887029981162413605e-01
-5.036310994910309091e-01
2.184931560123004601e-01
7.448031738022109494e-01
-3.999853390723728808e-01
-4.381066958103474462e-01
-1.967248977052804548e-01
-5.030017291574040428e-01
1.344265001534949988e-01
1.933817088684008922e-01
5.865360890311421826e-01
5.752212928200606257e-01
-3.995813813162385486e-02
-6.140074901850312017e-01
1.801989242267154623e-01
-2.020311455908085918e-01
-5.360508907870098483e-01
1.886552354335435666e-01
-3.922409632650669664e-01
-5.445517672342248261e-01
-2.452326839375018608e-01
-3.916891699873303878e-02
4.358158491868380224e-01
4.803497972716286313e-01
4.127937813791504595e-01
3.094299358963326085e-01
4.284165697754360735e-01
2.385867219345527701e-01
1.734957209009735379e-01
1.114290313353194506e-01
2.398723495389276650e-01
2.239280547655653208e-01
2.869671789085259661e-02
6.733436919148516608e-02
1.632870407775044441e-01
3.175649112563405652e-01
1.943854499586450402e-01
6.326344532681105193e-01
-2.928493358922423795e-02
1.697732443517452339e-01
3.378821702426648699e-01
6.923627324795234017e-01
1.935904521133124945e-01
5.196782240091124550e-01
1.918599537020782009e-01
1.497372608127989224e-01
-2.246798658234183677e-01
1.136997482831247908e-01
4.687061618824372999e-01
-8.700848752596357372e-02
5.131951752446184400e-02
-5.163769856153521687e-03
1.619969935973131214e-02
-1.325138043739571003e-01
-1.253013977020600578e-01
-2.734804240844823653e-01
-3.163342512380040716e-01
2.384695676482806448e-01
2.187595953273557825e-01
4.693408470757276518e-01
-9.106783238621574128e-02
-3.427942090183933033e-01
3.579884548798872856e-01
-2.436225372548506130e-01
1.186917302220535930e-01
-1.165675627134987735e-01
2.444535027734673349e-01
2.827888465617434122e-01
-3.131209780349308858e-01
1.652787631201135810e-01
-1.734949819365283474e-01
-5.357544523576507345e-01
5.187810074858134612e-01
4.770197961079247762e-01
1.898246750897669699e-01
7.384431910395505838e-02
-1.754290934741220553e-01
3.497709144539840054e-02
-2.615801975025533466e-02
-3.652598650205618469e-01
5.240492555458331481e-01
-1.289085389544197824e-01
-4.807786240235145669e-01
1.151177997371632955e-01
-5.703143415303202346e-01
2.004254042731190566e-01
-6.879264446979505010e-01
9.131990168498305138e-01
-1.803771425556988106e-01
7.014061225163459312e-01
3.943682713725138456e-02
1.963965985396498581e-01
2.013229618569312152e-01
-4.349430327010850306e-02
1.310282300437393133e-01
-2.686463318468668149e-02
2.159868017770349979e-02
1.264299669401225401e-01
2.727728940499218879e-01
6.002643431202159263e-01
1.453108211535436567e-01
-6.952713960117762326e-03
4.408065592542698141e-01
-7.279705869223107584e-01
2.554099580720503582e-01
3.617681159084895626e-01
-1.361846102554409299e-02
2.583160210178903071e-01
3.165166049257095437e-01
2.033586099514650414e-01
2.098045115417335182e-01
4.016629873149213381e-01
4.832096465179347433e-01
1.589403666457656072e-01
-1.779489622322216746e-01
4.346753712525242008e-02
-2.413329696082655573e-01
1.477358182455645874e-01
-2.314639004907803610e-01
1.780330762812809553e-01
-3.407222948226262815e-01
9.515588317299261689e-02
2.211275500485498924e-01
4.145574905578541802e-01
3.779148869398341049e-01
-8.999197120829194319e-02
-2.128625453678978374e-01
-6.005008117426768877e-01
5.554900326387723908e-01
8.157390141150244744e-02
-5.718233069273992442e-01
-6.301962685029138811e-02
-9.326753058758185944e-02
-6.808338639530120417e-01
-9.272692977901897393e-01
5.310369033395545557e-02
1.193966312484917580e-01
-5.162050342732982244e-02
-3.064496070237510139e-01
3.181620229497639230e-01
1.606138084753183648e-01
2.809337047438020818e-01
-5.270082397146325093e-01
-4.942098712490405887e-01
1.998177623363517341e-01
-1.441105155208788346e-01
-1.615608198335394263e-01
-2.161848442483460531e-01
-4.673847229241800960e-01
-4.122628638469905127e-02
8.600355272392334882e-02
-2.336961983928631525e-01
5.598680559160129633e-01
-5.491486376740795095e-01
4.964214781466580462e-01
-5.997670768920215778e-01
3.253541080994182266e-02
5.165087486602715217e-01
-1.817357713207456982e-01
2.217576167140578036e-02
2.383461890076432610e-01
6.947164621351475944e-02
4.785827627529215533e-01
3.775717232201714069e-01
5.769891231466317549e-01
1.942469367577359662e-01
7.647321353942970745e-02
2.627290882628585678e-01
-2.381709407472953899e-01
2.832473455782746896e-02
1.128091895452598692e-01
1.250032113375709741e-01
1.990401443663358805e-01
2.766659008557326160e-01
-1.658861918940601754e-01
2.715343612180731725e-01
-4.338837982231780188e-01
3.975345350681891432e-01
1.653126986411734833e-01
5.191708396523608826e-01
-1.060014653830876341e-01
-8.301551446265875711e-02
-3.614457568801299203e-01
1.654479575563527760e-02
-7.561321524462982779e-02
7.814830382812942844e-02
-1.548236951975923148e-01
-1.127157673863621312e-01
6.504430416498507839e-02
-2.201637840926196077e-01
3.106981125711172353e-01
-2.884380023715493735e-01
3.595481246065901360e-03
6.956151565873369691e-02
1.417306805251428159e-02
-4.288125694529298926e-01
4.589617219608044252e-02
1.741150015277526109e-01
6.360006921113381395e-02
-4.427083126756770071e-01
-1.766944990322372178e-02
-1.474772091114573414e-01
9.273201158066513017e-01
2.232075928532140097e-01
9.862162642093608156e-02
-1.269510505608195672e-01
-4.497927363900089404e-03
-9.882856488729885314e-02
-1.184463371828314848e-02
1.702162961692010867e-01
3.458247874732478522e-01
-2.156705392053481773e-01
5.207537583373778034e-01
8.695657527368894080e-02
2.550173121562693268e-01
2.147803570551332086e-01
4.388049887893430423e-01
-3.921076938695478020e-01
1.413616928402916528e+00
7.031771076526638353e-02
-1.737226114073564531e-01
-2.490312738245847868e-01
1.044632256252953084e-01
-7.726765005600100267e-03
-4.952246399625437334e-01
4.325514169067901094e-01
2.214050454085736419e-01
3.552295879671873990e-02
7.058720541408547433e-02
1.683808932284591720e-01
6.786529525015794206e-01
1.146317458733392414e+00
2.312143010385625530e-01
-8.465695344739287975e-02
1.371640365732673672e-01
2.563366763297381112e-02
-7.897691034486342687e-02
5.250604999673669226e-01
8.937698225963686127e-02
-1.233672719536116347e-01
1.500836930290461169e-01
3.512798230076441541e-01
1.213090428109353525e-01
-4.099126726941904053e-02
1.296388489890887286e-01
3.523612690514710266e-02
-1.092750920861362829e-01
1.816309804780757986e-01
1.072880166930190171e-01
1.454430247349591809e-01
1.818439585576925310e-01
5.251970947028894443e-01
5.184456597362441244e-02
-1.284674340240599122e-01
1.512221672328450950e-01
1.745935662711417535e-02
-1.066871533339508460e-01
-1.771016684415371856e-01
1.656976564845535904e-01
-1.375558440486202016e-01
3.183826891017815797e-02
-1.064723491595032101e-01
-3.711524527716392186e-01
-6.138744197414780501e-01
-1.037622041621943936e-01
7.815585831849602982e-01
-3.581878331715415698e-01
-2.869434752028610092e-01
-1.983059121357655386e-01
-3.087613151819823543e-01
-6.734320550094707869e-01
-7.666358925462191110e-02
-1.516953886948613217e-01
1.056328429172026517e-01
-1.907834814574016491e-01
-5.275904868540237658e-02
-4.159653030910703819e-01
-1.998828764726567897e-01
8.546822982680168934e-02
4.919638740830123425e-01
2.002969665682030609e-01
5.462179615278728306e-01
2.648659460646740627e-01
2.390133886365219951e-01
-5.253267545413109474e-01
2.285392497469729278e-02
-1.604950625733181369e-01
1.685175163856911240e-01
1.325448408806551015e-01
-4.454159636679833056e-01
-5.821995046062511392e-01
-2.160485337299178354e-01
-2.132878762495238334e-01
-9.832098157858126797e-02
3.901097898051375523e-01
2.768964861843414837e-01
-1.086702212660384248e-01
-9.805049216993211303e-03
3.417708569486421766e-01
4.585315025451563997e-01
2.595454589027212933e-01
5.602595933851262089e-01
5.584389555224333890e-01
6.331609370135993231e-02
1.529122499732693541e-01
3.317152845738746691e-01
7.047202643661876209e-02
1.320703546525692218e-01
1.267774223379092291e-01
5.005244929634500295e-02
-4.062528660142561421e-01
2.023099341386114247e-01
1.447921533781482140e-01
-2.328189907530031633e-01
-1.036277978982980130e-01
2.312937255055658170e-01
-5.726778908865526319e-01
3.136828468086605426e-01
-8.296734677060157992e-02
1.978384034373448230e-02
-5.077864102531748358e-01
-7.113303581718355417e-01
-7.202700658126559574e-01
7.034669238237256650e-01
5.220757870461056882e-02
-1.354610077441975591e-01
2.930043478954758029e-01
-2.351411296785954619e-01
-4.929894004135348951e-02
1.265482438839171664e-01
-4.497279064707981888e-01
3.746268930626683868e-01
-1.809551548603849369e-01
4.220523805997800082e-01
-4.987348347640363500e-01
-3.174055507315642899e-01
4.583278325753781246e-01
-1.681499384176277090e-02
3.626470856943342369e-01
-2.454124796713585965e-01
6.557098686243989505e-01
5.354856966732768342e-01
5.946846499682578724e-01
3.465849260919640074e-01
-1.664828630509873619e-02
2.544890520539411227e-02
-5.824383038088853937e-01
-1.058770635609107558e-01
3.198196623088733759e-01
-1.276150101148232352e-01
-1.808476355336097185e-01
-1.299883081173902610e-01
-8.505304549544234760e-02
-5.182659634783703950e-02
3.934479764211573638e-01
2.429069070331024705e-01
-3.680042084397427971e-01
3.952931137973791920e-01
4.262911090791021707e-01
1.242385536670553847e-01
1.895457160117075546e-01
2.013322557559149573e-01
-1.189382459187982022e-01
-6.137824470897612628e-02
2.843881077296828153e-01
-4.104550157535413746e-01
-3.486733533009100938e-01
-1.568699730114531121e-01
3.641869170678546652e-01
-5.703579120108770439e-02
2.246022319241092191e-01
-3.318824610687443055e-01
-4.236507322730176384e-02
-1.561207909617223777e-01
-6.899676918692421168e-01
-7.200957270470098592e-01
-3.073177765600121347e-01
-8.593000444534482085e-02
-3.222494058263691841e-01
4.237003281559736934e-01
-3.574025697616889374e-02
5.355916528060333803e-01
-1.617139844256598735e-01
-2.743401239513332257e-01
-4.096135057807259727e-01
-1.456007652222979232e-01
-6.411886488422169350e-02
-8.096598662632459309e-01
2.598441284362706938e-02
-2.691730287551763467e-01
8.160579767491071834e-02
-4.216122206912586989e-02
1.325274041619195486e-01
3.163845008202770259e-01
3.861272546146210516e-01
5.788911607851332519e-01
2.134208614279486937e-01
7.410685398667737900e-03
4.162063191870402079e-01
2.723874672483361792e-01
9.545792778453687788e-02
-6.774723715352592990e-02
-4.386178602544532623e-01
-1.839119079249940114e-01
-2.256323625715594972e-01
-3.554092984359158436e-01
1.025031792778463569e-02
-1.387506642913649557e-02
-2.416997517684649210e-01
-5.294175764447572874e-02
2.455092271702596918e-01
3.613202181895758258e-01
9.282207003025177983e-02
6.366161642290535383e-02
1.879507038893279969e-01
-1.277778665098594502e-01
9.568728387421288062e-02
1.747033877563808346e-01
8.973583476290514227e-02
1.100914062135416316e-01
-6.984701599321851972e-01
-5.709604806725110393e-01
-1.637896218653622782e-02
2.450709075674240012e-01
5.593470859821536578e-01
-2.798304876705515198e-01
-2.005059798193542520e-01
-2.078470515698427334e-01
-5.867721597496711183e-02
-2.766581985724769766e-01
5.833267664456798229e-01
6.268044785429083277e-01
-6.641652703365252819e-01
-5.602467467724636663e-01
-4.312654766636114800e-01
1.872206212283344939e-02
-2.925423814303940162e-01
2.132874215021729469e-01
-4.289258015433006221e-02
-5.140810799275641330e-02
1.049109954465166084e-01
-2.544205699450685643e-01
-3.129178480776317883e-01
-5.794406661152606830e-01
2.686238929072715109e-01
5.691986757483391557e-01
2.257540643313404871e-01
8.468736041322699748e-01
6.938395245015271939e-01
3.280464966337603983e-01
4.035122742607200053e-01
1.536797071821638383e-01
-4.672295119689806597e-01
2.985649700804060558e-01
-3.435508233451400883e-01
-5.715830297958746087e-01
1.930896758040034911e-01
-4.182342081548995338e-01
-2.223111010835054913e-01
4.791409082827158272e-01
3.747349524019227829e-01
3.897112605955044273e-01
-3.157266803555103252e-01
5.791291641799034551e-01
-1.037899437505984679e-01
1.584358386708117905e-01
4.721038635580043774e-01
1.547307562077548937e-01
-2.883691649913089350e-01
-4.696437372331274673e-02
6.159070267131028231e-01
-2.751611987150681671e-01
-2.722642591379553778e-01
-6.840991773060522974e-01
3.106214307990740053e-02
-4.112100668862694874e-01
1.247961876060799113e-01
-6.833703309894190170e-01
2.489496182533912361e-01
-3.329730589030077681e-01
-1.195753895899542840e-02
3.330235074372467352e-01
-1.371849123188439989e-01
-7.875567575865716208e-02
-2.827375453762215329e-01
-7.146788334466691595e-01
-1.331354155809094664e-01
-6.394578804247430526e-01
-5.557893132390745450e-01
1.082040057553967927e-02
-2.846246047738532070e-01
2.672048253771208692e-01
5.980759851809125394e-01
1.476059594551770715e-01
1.045228032126033213e+00
5.778966283287445549e-01
-2.139509263088257285e-01
3.720805921147984918e-01
-3.255847786931553856e-01
-4.108488553811184829e-01
-8.826575594866881147e-01
-9.953826065611792728e-01
-3.205445580078958301e-01
-2.528011577851430047e-01
-1.250364363158951164e-01
3.429495905038493220e-01
6.000924201998714125e-02
7.713013587817840744e-01
1.895924839345752844e-01
-2.709892612529074540e-01
1.558577764626534190e-01
-2.769535001334588742e-01
1.655827759350358974e-01
-2.446479925310995895e-01
1.816135863919043913e-01
3.339359864185098559e-01
-3.011776925632148050e-01
1.606439639090240235e-01
-3.245573054755368503e-01
-3.055550834574205510e-02
-2.151155058527365327e-01
-3.094737621722742915e-01
-3.570490036963747116e-01
1.595816883082079585e-01
-4.823643848794745281e-01
-6.948826580810418818e-02
-2.371099583342584083e-01
-1.050995024343137629e-01
1.170939611938592861e-01
-1.080111928786209319e-01
-4.221186031827528495e-01
-7.188799600044148974e-02
-3.173434208747494267e-01
3.347047794477475691e-02
3.535741370797040872e-01
6.429182235478947405e-01
2.924122668446216267e-01
-2.150120792521192925e-01
1.034123897625249811e-02
-2.386289281730569201e-01
-6.555858078627352370e-02
-3.407566282476182096e-01
-7.046795644782832824e-01
-5.178411583983688615e-01
2.043701385900931200e-01
4.017490482510766014e-01
1.792262480648787459e-01
1.024341145239304751e-02
1.565436775763373589e-01
3.167845932239288231e-01
-9.827425628827768378e-02
-1.509622364892493351e-01
-6.153714338097415748e-02
-2.950625344055879395e-01
9.583661864098758087e-02
-1.066989963049991275e-02
2.436703425701125525e-01
-7.626372422464555711e-02
5.791060857518459670e-01
-4.731147100756061263e-01
-2.788324309221934527e-01
-6.397516472134157084e-01
-6.699818300148763228e-01
-4.016027617126383120e-01
-3.479611621060030302e-01
-1.876479274187659030e-01
-6.272089763115218375e-01
2.167098500649444759e-01
2.741328444244572893e-01
-7.033302722447842825e-01
2.875880511510331417e-02
3.745090282336605014e-02
-1.763941952503955690e-01
1.075570253306068480e+00
4.476509332107525552e-01
2.019046263512791484e-01
2.523307784940698184e-01
4.621324478648602962e-01
4.583691861625993624e-01
-2.214942611544756801e-01
2.697651382277399534e-01
-1.744286350913171191e-01
2.652326429597451352e-01
-1.065025827529098024e-01
4.576540106882021064e-01
8.346447089024877641e-03
-2.858364496205467731e-01
1.588675218044954818e-01
2.191980286170291947e-01
5.395859830059634987e-01
5.511117251444375142e-02
2.962860889965668321e-02
1.547943497826054227e-01
-3.240437536078388803e-01
-7.108630484253808390e-02
-3.313973877538956003e-01
-7.610385921452689217e-02
-1.757741898700260208e-01
-5.564259026868967339e-01
9.702476688744354760e-02
2.363503028846025700e-01
-1.046315389885421610e-01
-6.677167334601108450e-01
-4.741148984521714738e-01
-3.725169790413929150e-01
1.873698636245535454e-01
3.674185506952198921e-01
-4.136953180022828747e-01
1.136527089329320006e+00
6.495612296930630691e-01
2.436878077105575358e-02
5.919796421949286014e-01
-4.774240096594439819e-01
4.056641387251147535e-01
-4.265444886186742224e-02
3.000097308358817827e-01
4.412933094499749132e-01
-1.291230944389099022e-02
2.203575206749519566e-01
6.183663003866968211e-02
1.968278411368373781e-01
5.772187137154105585e-01
7.744864660708117299e-01
-1.227819552696018945e-01
-3.772500463128380943e-01
-1.678927219472825527e-01
-1.952665655835517100e-01
4.042845702656450158e-02
2.442314439576875884e-02
-3.836323685391107574e-01
3.002828634635079652e-01
2.461609938109177165e-02
-3.883877468524588039e-01
-3.147359279864758719e-01
-9.762088666320778430e-01
-1.926968167254017317e-01
1.088569092644320335e-01
1.569811445278901374e-01
-2.840001798176672310e-01
2.843160018528578803e-01
-2.713380808927468024e-02
-4.825108135264599696e-01
-5.105312084197066724e-02
-4.280753103103052126e-01
3.208333509974181652e-01
-2.349292458347918000e-01
9.559789759805426002e-02
2.938527643436827930e-01
-2.797956426547898445e-01
2.798300613449100638e-01
2.080595464803991490e-01
6.200310735948733054e-01
6.745584641976165585e-01
-3.589010191262786975e-01
1.190176277532373206e-01
-4.357429475021490362e-01
-2.281834667883231305e-01
9.801110678608893068e-02
-2.892455199798860122e-01
-1.350402669686445734e-01
-1.607748174592416035e-01
-2.851533622560964432e-01
1.546240753214078723e-01
7.440390845658839680e-01
-1.396049214008598938e-01
7.411334763673949055e-01
1.304509567034983775e-02
1.661715742784508620e-01
3.669504735626105685e-01
-2.719103235904185567e-01
6.578924285349785350e-01
1.640329685415053973e-01
-6.966280352571629919e-02
-9.706630521577608306e-02
2.572953405888256384e-01
8.915655484997841995e-01
3.340059038237086497e-01
6.554909077749471180e-01
2.271236212436633650e-01
-5.950736294835223816e-01
3.391308212030708091e-01
-2.555667322212684667e-02
1.155277402631327277e-01
-2.596267734134016791e-01
9.174554804758372484e-02
2.205427875878740451e-01
8.675012850289931521e-01
-5.516251633252977626e-02
4.459059255168540403e-01
-4.304532126297999639e-01
-5.193905394662579056e-02
1.846418058448762167e-01
1.248551058097291389e-01
-5.895711865377961658e-01
-2.284285898213056498e-01
3.894844553542498033e-01
5.264632818580139428e-02
-3.807253108334407443e-01
-2.301655825931447907e-01
-7.087769517966080457e-01
-4.290962181130453246e-01
-2.173578650399576873e-01
-6.365634703797695693e-01
1.892330772079731105e-01
3.482536214960418874e-02
1.768256083778396714e-01
-5.763222077348473249e-02
1.576073742626249441e-01
-8.087606317985773785e-02
-2.193475268086331198e-01
-2.903349525240628282e-01
8.326811951064883033e-02
-2.648270935878827004e-02
1.672538303409965010e-01
4.036881762203847757e-02
-5.928975355118382140e-02
1.146518116001971066e-01
-2.931504354819480795e-01
5.946586725258384831e-01
5.025685823056846857e-01
4.596179508098430233e-01
-1.674620904168477864e-01
1.143810308690262900e-01
1.287925357473795884e-01
-3.599529918574262410e-02
6.048137493053218350e-01
2.017271043541768449e-01
8.047743449424160644e-02
-2.983032914016803261e-01
6.107307513047999237e-01
-3.419128091763923294e-02
-2.066070123873942066e-01
-2.238940908227959881e-01
2.153491465151091688e-01
-9.707315484774881043e-02
1.806197076348325936e-01
1.432336489415320102e-01
-4.949278036292525940e-01
