-4.637467441170883831e-01
4.215465594370471081e-01
1.688704287516884506e-02
5.186828957448597066e-01
-2.394177158748789225e-01
7.564476334209757624e-02
1.434392515875515528e-01
5.104602678329683840e-01
-1.131732574322086293e-02
-2.340971860803620075e-01
3.289472658707381925e-01
7.556622563242854085e-01
1.773059636889229296e-01
-2.919618680152780144e-01
-1.666971627400926081e-01
1.289612185928490362e-01
-1.188875415891743614e-01
-6.723930141561140772e-01
-2.875599136586970417e-01
4.479821313907450531e-01
-2.538475882829516195e-01
1.117244551096518990e+00
4.788672640643198974e-01
4.317660113883903250e-01
1.613901190467004199e-01
-4.448639572274259990e-01
-9.816173474064271431e-02
2.680916111330589047e-01
2.725046215346083045e-01
2.765244921931753197e-02
4.876374077866785228e-01
-2.401366998583398527e-01
3.325289981148671359e-01
-5.381936318826774368e-02
-4.806088327313773334e-01
-7.470990794899989851e-01
-1.276312389109079959e-01
4.535682478490343783e-01
5.514089025382418185e-01
8.132323046083911322e-01
-1.835276748352043796e-01
6.037311663931177463e-01
-3.529756043008092092e-01
1.965598528386180988e-01
7.543022917388952919e-02
4.836415996578580234e-01
-1.419704176441882737e-01
2.980327735713217407e-01
6.445260680720821256e-02
-3.387975766599993221e-01
-1.991250258015497820e-01
-3.400932939712220104e-01
1.282363797372454428e-01
-9.302023329382791417e-02
-1.529650717202457599e-02
2.756700041572912596e-01
3.342489662827574648e-01
8.911399618227733299e-03
-4.930888053422677331e-02
-2.023060403644194594e-01
7.010172566879191436e-01
-5.082457050775701646e-01
-1.570922165683441563e-01
-6.268548702337284340e-02
-6.060326995793730021e-01
-1.711690345018723747e-01
8.559175057598622516e-01
2.498546223250741605e-01
9.609240692043385934e-02
-6.839985644546686672e-02
-2.491123609615897294e-01
1.426263054327137070e-01
-2.023581657795148203e-02
5.658901613969646860e-02
6.358550308505073190e-01
2.091416604343976360e-01
-1.631992745387833565e-01
-2.130171168346350896e-01
5.136227514412894379e-01
1.906900592985039111e-01
1.229700785643217387e-02
3.374266270839143544e-01
-6.164469823488616385e-01
5.049498099651827943e-01
4.265508835032960633e-02
1.117447823162365239e-02
1.659104071904948796e-01
-7.650567113159922883e-02
2.023618890234502032e-01
-5.022860136705276091e-01
1.791883903479174478e-01
1.687043891251960304e-01
-3.412110913814103696e-01
5.273464012134354562e-01
4.099318857697653584e-01
2.096564344356011134e-01
4.118073206882399973e-01
5.013678361365236924e-02
-1.062385024397372035e-01
-2.563303098668257007e-01
4.599648661951505346e-03
2.522502029478346230e-02
3.132156223273341311e-01
3.270655497544794343e-01
3.407964186408207752e-01
6.164256092233699746e-01
-1.146019599218561780e-01
7.397788976959418505e-01
-4.913724183097656351e-02
1.469212094207250630e-01
-1.906393407580253552e-01
3.419792449221858988e-01
-1.481025151406356599e-01
-2.441805122543883044e-01
7.647016673217876814e-01
6.871759410387312528e-01
-7.990938684088177979e-01
-7.808233704054146074e-02
2.785831156870699488e-01
2.393365434727456886e-01
5.727588927584292833e-01
-2.205539715305349091e-01
3.578778944302030141e-01
1.793813453332404606e-02
1.242604525941715110e-01
-1.491799253017234150e-01
-1.016578892176767113e-01
-4.036603229451429797e-01
-2.668532488314667717e-01
-6.236724061636778060e-01
1.986635282946735970e-01
-2.100640159596878220e-01
5.514357326319441199e-01
-2.571698303199809743e-01
-5.509878064913209528e-01
-4.648990454825252527e-01
1.984369646379491314e-02
2.541693220337037928e-01
-8.709974252951724338e-02
-3.176902652057833620e-02
-7.261946279868425336e-01
7.840696980565553531e-02
5.598594725597649813e-01
-5.575488160047825659e-02
-7.165795068431179971e-02
1.803395690558318165e-01
6.409201205315184779e-01
-2.399283971499244217e-02
-1.284045652027998585e-01
-4.928189127895166166e-01
-2.509622731849958654e-01
-4.722297717307810672e-01
-3.785966669056506362e-01
1.881565054873135523e-01
-7.431415838254906703e-02
6.413119990611448884e-02
2.145768007721926551e-03
-1.937438725008178153e-01
3.351756845404452179e-01
1.981819934826489771e-01
1.809752774306616629e-01
-1.738467005907295970e-01
2.452459284540964290e-01
-6.012833182467147708e-01
-3.533914991749043111e-01
-3.411103932648984483e-01
-5.121706294630712364e-01
-6.282774620558484457e-01
-8.877150747821360710e-02
-6.340501386148389429e-01
1.068371062729056575e-01
-3.626027478276228067e-02
-5.853991069670883007e-02
-6.578977718163514510e-02
-2.137008863201117492e-01
-1.102337847669332405e-01
3.022354917447955813e-01
3.788771607560192933e-01
3.304716074126190506e-01
5.565736955759348348e-01
-7.061366886773612350e-01
2.516372887839679606e-01
-9.931008548846875783e-02
2.794978968267969321e-01
2.464681756464415230e-01
-3.799555656769371126e-01
2.087056998334446689e-01
-1.389309858268461539e-01
-3.122815996903227642e-01
-8.715371535572558059e-02
9.638905140718634357e-02
1.359269674594543176e-02
5.987458280287683010e-01
3.458652031440578867e-01
3.883680506078235339e-01
-3.002046611300102086e-02
4.301516582927433774e-01
-4.904208594780357089e-02
5.425414428827934898e-01
-3.161567576626111986e-01
4.861934144173574168e-02
-1.200781127863592701e-01
-5.663394517796405125e-01
-4.765207108903268818e-01
-3.080872943428403232e-01
-5.239937195256061386e-02
1.385120640406967141e-01
-4.471686452234280296e-01
-3.677311610772449058e-01
8.049351407635185751e-02
6.839357524768274743e-03
-7.992763784159251372e-02
-3.821899952072271844e-01
1.091287060717149870e-01
1.951744366124330554e-02
-1.681316348367545288e-01
6.071981601962761488e-01
-4.883544946210349735e-02
9.687559554549807217e-02
1.280506438661177526e-01
1.325143728081457084e-01
-6.275113264564424753e-01
9.515133569948375225e-02
1.524423680621111998e-01
-6.085365100716444431e-02
-7.094936904650239740e-01
2.329839503545372281e-01
-1.977356447468991973e-01
-2.960213407732226187e-02
-3.374511834408622235e-01
1.385431716016682913e-01
1.670886149440775625e-01
4.653299470191996079e-01
4.927002237309352495e-01
-1.304352537090380793e-01
-6.720607359511632239e-02
-4.302695089108965476e-02
-1.668276041755234473e-01
3.922414464341272833e-01
-1.226143098165266565e-02
3.970668274178024149e-01
-2.535581415941123851e-01
-5.568412007050937973e-01
-4.464646963242557831e-02
-1.540761758178632590e-01
-2.336149691473110579e-01
-6.385729420799179934e-01
-1.554544581949812709e-02
1.619925740214966936e-01
-2.191661110373388510e-01
4.520829861576203257e-01
6.164293608890147880e-02
-1.305564438780493219e-01
-2.819331257342128083e-02
-1.885581468741293065e-01
1.410963079706561984e-02
-3.134275345928472234e-01
-2.502358427136641694e-01
-9.946282375494774897e-02
6.416186124624800868e-01
2.560184100275364472e-01
1.394119379938274506e-01
2.140943706763209775e-01
-4.872812837675155606e-01
3.001379695888317656e-01
-2.565263059750577668e-01
-6.613404366362374276e-01
3.528593026658199960e-01
3.997222677298850613e-01
-9.082697260964778252e-02
4.356456884124781936e-02
-7.292831014638068154e-01
-7.368740853053168394e-01
-3.334085079131909879e-01
-6.415311872842721641e-01
-2.069320572672950220e-01
4.922416110275662504e-01
-1.026899099088041112e-01
9.674813128413006780e-02
2.791968540805100929e-01
1.497956674256784027e-01
2.517655275369179435e-01
2.790243911476864014e-01
3.996174200437963009e-01
-2.882128313785869977e-03
-2.974230994823301444e-01
3.150784522176763858e-02
-5.962371005807654001e-01
-1.672784577522179461e-01
1.699392981890923693e-02
1.197078702830367547e-02
-6.177236286930565257e-01
-6.094579134696687106e-01
-1.032626073538267519e+00
-5.650679781865619589e-01
-2.258877884742105380e-02
-2.665009617430769140e-01
-2.076421452557042358e-01
-2.471907691870001145e-01
-9.513293264262756566e-02
3.016717471382435178e-01
-2.501090534678951371e-01
3.899420448760793079e-01
6.081559433823713334e-02
-2.810202204273082316e-01
-3.340501280035823584e-01
4.403904085847898386e-02
-1.123490278587269131e-02
-5.436886851839517476e-02
2.558549567766021937e-01
4.214558657622546889e-01
-1.199555299535859376e-01
-2.064165158799369237e-01
-3.354577984282514080e-01
-5.183499069971730933e-01
5.380284164857584983e-01
2.085944288410246372e-01
-3.845826768156257458e-03
-1.622752421326367767e-01
-8.569281817472074181e-01
-2.510931835786323063e-01
6.038250432993663708e-02
-4.793033099304011557e-01
-8.780278193398771691e-02
-1.019014916892047040e-01
8.841995224884158233e-02
-2.776866381282161456e-01
1.170617451862199232e-01
4.694010158345918171e-02
-1.637931745790410787e-01
4.354960196906176861e-01
8.115735283809044631e-02
-1.798196933577855816e-01
2.578428279775835108e-01
1.560559894642210566e-01
-1.055156815255031688e-01
-7.945345714688301086e-01
-4.246873004376539029e-01
-6.762714974684058689e-01
-2.134295868927438278e-01
-7.065796694405435119e-01
-3.754264525923645124e-01
-6.289457701313949656e-01
-5.461913588078459725e-01
-1.974675285509874811e-01
-4.144828551488899393e-01
-3.608441829783259891e-01
4.967693598700861912e-01
-2.192161474567910773e-01
5.688467297204624629e-02
-5.545656449612579308e-01
1.548584407373709837e-01
3.729048785316990688e-01
3.187239485669124406e-01
5.637573963213071693e-02
-2.137174988092738204e-01
-2.648509678238042397e-01
6.071809366403613240e-02
1.078650484487297945e-01
5.231311206443933770e-01
-3.020944632226019166e-01
-2.085688635133919888e-01
-4.871315013588173315e-01
-7.135647024369973224e-01
-6.847303097856638487e-01
-3.683037448354298249e-01
-4.921000709146028385e-01
6.373354466404634877e-02
-2.788098356631962815e-01
-8.478593827021541074e-02
2.966124768022382341e-02
-9.552278470437158830e-01
-4.904583192910649814e-01
-2.106691994185894146e-01
-1.714858939294572338e-01
-7.827760839518305147e-02
-4.085712248524941970e-01
-1.188678453445390915e-01
1.970222029967771959e-01
1.346817271041800268e-01
-5.016019599679566454e-02
4.375373805487470236e-01
-1.331182062358493567e-01
-1.420706610133493086e-01
3.365734357885230565e-01
-1.637219213534990558e-01
2.951357203073712299e-01
-9.246981136357135256e-02
4.750428104216553038e-01
-8.179495125659741461e-02
-2.699155174923362210e-01
-5.374553779802226927e-01
-4.183773683053004788e-01
-1.113908254524176300e-01
-1.235938725585583597e+00
-1.719431139690641430e-01
-8.116489311760233250e-01
-2.379109389494260540e-01
-4.670491762226447463e-01
-7.918367828096961603e-01
-1.277358592233213130e-01
5.706217365286647691e-02
-9.257790622996253660e-02
-1.113775311978315585e-01
-3.503558900774805807e-01
-6.598876893804117572e-01
-5.298410314935608767e-01
6.207616820574912708e-02
1.919653414006461389e-02
1.688386390696905437e-01
5.627504862104615313e-02
-1.567740355312707834e-01
2.108185981342103332e-01
-1.885550346969466773e-01
7.936533279462310020e-01
9.278858215111540630e-01
7.245972710734349675e-04
-3.466738007773528807e-04
3.556376100277702790e-01
-3.474676475434534950e-01
-2.744696985246264376e-01
5.002471539228281472e-01
2.128492013753202627e-01
1.280532870850947802e-01
-1.982606221417881898e-01
7.175285077209991869e-01
3.577331426640739664e-01
-3.136359509881003760e-01
-6.678081945210578851e-01
-8.382526175410021096e-01
2.741543312367866747e-01
-5.575965928983350750e-01
1.790569967852206901e-01
-1.563904277190886205e-01
2.037807149690706865e-01
3.261164351897605229e-01
1.146958936715236632e-01
-1.540547600598074496e-01
2.876025746445520781e-01
-1.388862642670574132e-01
2.932242750830482692e-01
4.545979948034073459e-01
-2.478320766385877505e-01
-3.808811470662476495e-01
-4.600184411174268462e-01
-3.022013856934790965e-01
-5.500798465618572664e-01
-4.624342579973017564e-01
-2.338829574455303373e-01
-3.439394333781820023e-01
-9.108106269195559435e-01
-2.475698011039639823e-01
-7.143989932956174016e-01
-6.728250241394562181e-01
-5.333190955525424215e-02
-3.451896759543160442e-01
2.653325168466835748e-01
-4.665388928515312728e-01
-1.237572462287062081e-01
-1.567242975397675764e-01
3.742310639154311502e-02
1.406689875693700742e-02
-1.065339176875568228e-01
-2.719286271712917369e-01
-3.976485913881333545e-01
-4.433905189671349945e-01
-2.788258939290244598e-01
6.903926532686455175e-01
-2.054291314834699733e-01
7.388229050775407813e-02
-4.792323125002440065e-01
4.151543180341832340e-01
5.063300534402515041e-02
7.527959269282291643e-01
6.352723858071840368e-02
-5.610623929896974005e-01
-4.176587253823527135e-01
6.342398251035774592e-01
1.203405588512396207e-01
-6.572842181640226045e-02
-6.677142891930998303e-01
-9.748848128765530419e-02
4.819861487703747116e-01
7.968281465764448512e-01
3.227069385047798278e-01
9.656773727328982204e-01
1.470942549985920778e-01
-2.776832275230844971e-01
1.573075110172794666e-01
-2.783669117434328655e-01
3.510246529003779870e-01
4.027566546938032843e-01
1.026439946372192935e-01
1.665835611674992833e-01
-2.634277507240767591e-01
8.259622319428672199e-03
-3.972707673938202788e-02
-4.956746124662458897e-04
-2.109120202931080712e-01
-1.980207855467597255e-01
-5.142800318935769610e-02
-1.561613771627889946e-01
-5.108122635988365801e-02
-1.351000094018672826e-01
-2.235664027239181451e-01
-4.512860982686106581e-01
-3.864237783091084566e-01
-4.788713567904778756e-01
7.277620994727840298e-02
-1.004870568976912182e+00
-5.838343781761068385e-01
-2.760261281764542218e-01
-6.861196197860408574e-01
-1.237544211107888259e+00
-5.231076443124038633e-01
-2.344342959759160294e-01
-7.248959263961296529e-01
-5.940623850619886070e-01
-2.659233189206133829e-01
-3.799925138991966378e-01
-2.510205376893281937e-01
-6.897456614751718007e-01
-1.957547510755830444e-01
-1.644486360419250559e-01
-3.165131374771590345e-01
-4.077413109371263999e-01
-8.576146228733705357e-01
-3.219424797862302512e-01
2.077261456179257948e-01
3.214398702766629867e-02
1.094627535280778829e-01
-4.594444646954798372e-01
-1.458895582118202583e-01
-3.754548743017949164e-01
6.623139370276476257e-03
-3.482941224319802132e-01
1.229571182648214744e-01
-3.472997605058480985e-01
-9.032627303895424120e-01
4.568063332044403069e-01
-1.531301307977628312e-03
9.470403483646805398e-02
1.659577435475512175e-01
-2.056176953146859887e-01
4.772609827341511846e-01
-7.838682591909673647e-02
5.006742185287293978e-01
4.469055738809402101e-01
1.753736285081686219e-01
-4.885907856078119949e-02
4.131828177378338296e-01
-3.494879763366043335e-02
-2.120481070733148954e-01
-1.637006903365545440e-01
5.240909217718581203e-01
1.485464338202291401e-01
-3.547769722445082152e-01
5.185037252886104397e-01
3.591747201880934881e-01
-2.327149530856331694e-01
-4.537659847869690566e-02
-5.021143323347132537e-02
-2.134419503363460535e-01
-1.317116584687028080e-01
-7.912120736364158802e-01
-1.813806989048316609e-01
2.019016420717889559e-02
-1.191477423390097101e-01
-3.291391124093934195e-01
2.367976037476182682e-02
-1.291375610890099779e-01
-1.875279593832601677e-01
-2.542886790024567745e-02
-2.549274142893409589e-01
-8.866106782079441473e-01
-7.670307695661904290e-01
-2.089829109763741144e-01
-9.106190645979950204e-02
-4.750235405026614899e-01
-7.611926093886722811e-01
-2.690610187983111246e-01
-4.640884867512795608e-01
6.354918014039867558e-02
-3.113486854999791831e-01
-5.982356583444925491e-01
-2.655010291618964402e-01
-1.687695174723558011e-01
-5.450269782159011811e-01
-1.972390322180217481e-01
-1.763181813885239535e-01
-7.683127023483393714e-02
-1.792231216768414015e-01
-1.473505761850901763e-01
-5.282626602820528205e-01
-2.043058202616521157e-01
-1.526437927168444730e-01
1.806363627565588104e-01
-4.782093583344249055e-01
-2.602568542897643056e-01
1.633562334291127627e-01
6.252279263208038174e-01
1.866484211632268853e-02
-1.224013601586193545e-01
-5.507665150616958272e-01
6.537204626511083916e-01
1.009296511256252415e+00
8.058007949784951052e-02
2.243934318357787561e-01
5.736424100177828223e-01
-1.330540300159555045e-01
-1.690367810169846052e-01
-2.004906036745524034e-01
3.290711276804358931e-01
1.172233083934770548e-01
2.853898024568479741e-01
-1.621024949827187811e-01
-2.471423954375495669e-02
-5.630891450891795103e-01
4.192038716155366274e-03
-7.444743488349558902e-02
2.072124658525353880e-01
1.279613570659421384e-01
-3.297035391369718127e-01
-1.261769000393542228e-01
-3.847287644020980224e-02
7.459034634393901797e-02
-3.671624426715425216e-02
3.243165735966613283e-02
-3.961336005886550993e-01
-5.361184207686164882e-01
-2.521605892980005592e-01
-1.519687771178723779e-01
-2.301059396359050879e-01
1.367446600397670409e-01
-7.594513817821280099e-02
3.959644345741253346e-02
-2.039753894678142387e-01
1.314788420359036536e-01
-1.226141250754153589e-01
-6.536597538797650486e-01
-7.084332764861756004e-01
-1.280453489016508684e+00
-5.787806003354489803e-01
-4.667330699703597929e-01
-2.212580625382543076e-01
-7.439928708663501311e-01
-1.771254432014757185e-02
-5.904788054067466874e-01
-3.437448015120025957e-02
-5.392544721871672664e-01
-7.756256081847823225e-03
-4.834821254462440265e-02
1.888347966882975015e-02
-3.979104690188250970e-02
-6.412428206203912850e-01
-5.562029059547057841e-02
1.098594708537348197e-01
-1.999633809646184091e-01
8.681845287128453492e-02
4.090330918415929773e-02
-1.756463205992986332e-01
-6.718221357004949823e-01
-1.216970417772245128e-01
5.095160986456903629e-01
6.202584472703165375e-01
3.494072586818219861e-03
-5.330996941665944178e-01
-1.966340619219408836e-01
-8.132156494866649155e-01
2.919112205290730344e-01
2.948612518594018184e-01
1.496537862522018258e-01
4.647341143027006183e-01
2.235542808648460777e-01
1.307960815211117733e-01
2.209042548884099233e-01
-4.433184415120194899e-01
4.377066602501145098e-01
3.256615173086174764e-01
4.826471808883070480e-01
1.281181027934508165e-01
-3.182551608915673569e-01
-4.487142746256722603e-01
2.886668539758829866e-01
6.315087119901363621e-03
-8.867466476658592001e-01
-1.967108431699671200e-01
1.999755170345451916e-01
6.184477285842149286e-02
-2.068597098059399286e-01
4.596453706540160056e-02
-4.167809208865946857e-03
-2.504251028767612297e-03
-2.417025086742796702e-01
-3.721187056271446636e-01
3.471330671800387790e-01
-7.988155914517847123e-02
-3.594379336391284596e-01
-5.510452183443703689e-02
4.613902504502220836e-02
1.003759848572371993e-01
2.315205165359657258e-01
-3.841499278678384144e-01
4.589569613244748325e-03
-1.808657117408074555e-01
-1.059816781889821868e+00
-1.307332922806381248e+00
-7.695766157667094376e-02
-2.725112722146150190e-01
-1.278990993114348385e-01
-1.096333562600193545e+00
-6.539793275806005113e-01
-2.217228143308602739e-01
-1.032340719575586263e-01
-1.135425833354020142e-01
-3.050629118206416024e-01
-7.267472028615884483e-01
2.791722693018527934e-01
-2.388763959970674478e-01
3.477937298157485202e-01
4.707218863586604130e-01
6.204287217315140879e-02
-7.148372560550342314e-01
2.703230279621493537e-01
-1.741169768365580239e-01
1.617275557919128914e-01
1.691791737812309293e-01
8.058556488776957849e-02
-3.500940124467888381e-01
-4.973290970156085677e-01
-2.356599111408286262e-01
1.347064539913844783e-01
1.243952567619999172e-01
-2.004774728447955567e-01
3.683958311739843339e-01
6.058991743884689640e-01
-2.455318508509662934e-01
4.314589432397042401e-01
-1.499249151493131649e-01
6.325425374598125927e-01
4.590759488110052189e-01
-6.891581278978264891e-01
-1.294787637107219780e-01
-1.200746453378087608e-01
2.899841433645633515e-01
-1.011859751542942831e-01
-4.899078476228169166e-03
-2.457631183006014908e-01
-2.151062830080263666e-01
-7.156560855037241708e-02
-3.874754952448711265e-01
-2.702071242310921662e-01
1.009150736308583873e-01
1.131669478127150796e-01
-5.690692432835930958e-01
-6.060455461920355447e-01
-1.405691421041410649e-01
3.829849504199955845e-02
2.831200163200264797e-02
-5.164559979675686918e-01
-6.275432724578422494e-01
-2.249548174404480960e-01
-7.459337325599335600e-01
-2.378509549316731864e-01
-4.458343312307988526e-01
-4.406361142628156813e-02
2.192637964526511496e-01
-6.867670094834465999e-01
-3.785906130815419601e-01
-2.447391693749523256e-01
-6.537416084029246122e-01
-9.049298910213110503e-01
-8.624681981928006280e-01
2.984802449645940214e-01
4.003481990366708487e-02
-3.277802704815258039e-01
4.517480931554018753e-01
-4.568140354876959464e-02
-1.584793238862403086e-01
-2.569727257650811225e-01
-4.134299160796217620e-01
1.048967988026561216e-01
-1.276025471952380030e-01
-3.213095567389245844e-01
-2.373279528455896070e-01
3.576349172362824902e-01
-7.613138564011023846e-02
4.232979904372768942e-01
2.602493225367652485e-01
-2.257768301205942407e-01
2.568724255525012268e-01
1.904302422417458729e-01
-8.309654049298842438e-01
-4.442518388714233879e-01
4.058070857126949704e-02
-4.101110562260146253e-01
3.207094891877204645e-01
7.919890094854054041e-01
3.799395926762372255e-01
-1.717886704000193276e-01
5.678636512129742187e-01
-6.797351659315609140e-02
-1.493192911539154011e-01
-4.567845479641619022e-02
-1.525911983435435104e-01
-1.773863260723373969e-01
-9.716509907775616739e-02
-6.902191529434276163e-02
-1.774828888301271945e-01
1.048409501436253777e-01
-1.276694661100918893e-01
-3.992137180830468424e-01
3.803732795404357603e-02
-4.804055038221122231e-01
-5.467654062840665574e-02
-1.498076045436391723e-01
-3.383478599516820395e-01
-8.356069258752540918e-02
-3.895860061220446369e-01
-9.945441092895634938e-02
-3.601265348152082879e-01
-1.862450034195717308e-01
-5.958858082522056065e-01
-2.471592210895323660e-01
-4.214921887069067452e-01
5.974530381536169443e-02
-1.082527347762152203e-01
-2.821309408318484202e-01
-2.858597554222797044e-01
-1.180287227953158435e-01
-5.352933385438518599e-01
-9.855630196398124099e-01
-5.780796072940574959e-01
-6.361264013321488164e-01
-4.407857829846761888e-01
-2.172244677467460860e-01
4.721181667832752282e-03
-5.013144459553586785e-01
-5.848991122547886334e-01
-2.888524761601729551e-01
-3.945037860830780119e-01
-5.327334520188742317e-01
1.487788665599509841e-01
7.441114746598032070e-02
-6.523396223201416433e-01
3.245662014705885667e-01
6.995152261879411526e-01
-2.465163220222166274e-01
1.032017280522268265e-01
-4.736827747819916112e-01
3.278259441685804632e-01
5.324092740011110436e-01
-3.155755052830500063e-01
2.354519494929263601e-01
3.047198902095260564e-01
-3.867414477554120822e-02
-6.972117034820257686e-01
-4.728533156139747007e-01
-1.531786608666152461e-01
2.219674968273466220e-01
7.566831072836066596e-02
8.520338212747446960e-02
-2.491687780548090814e-01
5.434662284642399754e-01
-2.803558274422357499e-02
-3.278241820225957781e-01
2.531624545554223005e-01
-1.024654210368680651e-01
-1.016519775021151872e-01
-5.377693241825909354e-01
1.082577227862202562e-02
-3.315722096886020154e-02
1.258084125765890349e-02
-4.569103850826650159e-01
2.451859018037794158e-01
9.999862982112972531e-02
1.595343235294421902e-02
-9.484391227942978730e-02
-3.038722979908925481e-01
2.144175539342541015e-01
-9.725631855417304905e-02
-4.133879087930836249e-01
-4.022336241860102746e-02
-3.969105932810634840e-01
-7.087071480782469735e-01
-5.635155275740544312e-02
-7.151011516270955326e-02
-1.604582706704604789e-01
-4.688442629685596330e-01
-7.844740821383311413e-01
-2.072562210742034949e-01
-5.751310823143285234e-01
-2.000093388687673723e-01
3.828858723409211962e-01
6.471034907917783130e-02
-7.028525033092591912e-01
-9.304891364081413485e-01
-8.559529192098125350e-01
-4.662583990011626156e-01
-3.396656893528415821e-01
-1.294598064305318985e-01
-6.844101108072209172e-01
-3.460121433818130754e-01
2.348358520976034924e-01
-6.952786293368262704e-01
-5.669317602041701321e-01
2.623127954848314403e-01
7.597870990139199421e-01
-1.194228076428771601e-01
-2.406087276085600024e-01
3.427843466852209531e-01
1.749451712385052815e-01
7.971663649186666589e-01
-3.107622035258827964e-01
-2.606981297503807582e-01
-7.643507871080146288e-02
1.591353679941676091e-01
7.780550959068932571e-02
-3.926762417449936038e-01
-5.609821869256848004e-01
1.334147441411914770e-01
-2.081980312595987925e-01
-1.159741742640107987e-01
7.632084475517331157e-02
4.676304570239153691e-01
2.631043116707587615e-01
2.073488900578013272e-01
4.676309117712662555e-03
6.630154985032277182e-01
3.451999077697109897e-01
2.016147249150890275e-04
2.882306375795451459e-01
-6.376802730301278643e-01
4.764622190123191103e-01
3.106919166384614073e-01
2.778320151719526621e-01
-6.527492359964526258e-01
3.018214158601040253e-01
7.286381276117026573e-02
4.673584186321022571e-02
-3.733937603556114482e-01
-3.124731620118836872e-01
-2.769834566151985200e-01
-1.300664678183238721e-01
-6.148371198833046947e-01
-4.937319886266777758e-03
-1.094049650873785140e-01
-3.452537953307910357e-01
3.124114300590008497e-04
-2.495256126167078037e-01
-4.339568704381235875e-01
-4.758719853725779103e-01
-4.798116606252733618e-01
-6.266786556352599291e-02
-1.805039886448867037e-01
1.133774247819019365e-01
-2.516511869998794282e-01
-4.849113111049518920e-01
-1.042897110892226920e-01
-4.437459892869810574e-01
-5.181259155051520793e-02
-6.740726803400320932e-01
-9.098144460040202830e-01
-5.850569095855462365e-01
-1.613941549294395372e-01
-5.715744464396266267e-01
-8.511530609212059062e-01
-2.968157559735118411e-01
-1.589388887168752262e-01
1.917436520670889877e-01
-2.198237325501395389e-01
3.247474822387630411e-02
-5.968701088931993581e-03
-1.148799100292308140e-01
1.919652419246631325e-01
-1.497454604759695940e-03
5.190526621845492627e-01
-4.375016828817024361e-01
1.821656496758805588e-01
1.037048846797006263e-01
-3.333484244194551138e-01
2.824639295795350336e-01
4.773653472511796281e-01
2.003044841103474027e-02
-5.319518550095381215e-01
-7.303748930098663550e-01
-7.926745411168667488e-01
2.864124439838633407e-01
1.072401545343382168e-02
-8.037329735088860616e-02
2.684118385332112666e-01
-3.029277024779730709e-01
-5.034773948864312842e-01
2.701064829579991056e-01
-2.575403073024062905e-01
2.438092963075177977e-01
-5.564097591559402645e-01
7.259433232320589013e-02
-1.686003372469713213e-01
3.381466058272053488e-01
3.928005867237516213e-01
-1.645666714011895237e-01
-2.402307757165544899e-01
1.241249094618979143e-01
-1.097992594623065088e-01
2.812610659930214752e-01
3.343127161770098610e-01
-2.565423073974670842e-01
2.233194607015320798e-01
-6.048216505405434873e-02
-3.959893319915863685e-01
6.610257230477145640e-02
-2.451088221278041601e-01
2.096720521649331204e-01
5.602593091680319048e-01
-3.171366813603526680e-01
-3.096172918048978318e-01
-1.761840167091577314e-01
-2.924061845988035202e-01
2.459177395053302462e-02
-1.939547189522272674e-01
-4.433902915934595512e-01
-3.980123608471330954e-01
-7.357397180385305546e-01
-1.543841676721058320e-01
1.541610288313677302e-01
-4.446285402082139626e-01
-7.349662496380915400e-01
-1.998779453060706146e-02
-8.387033858525683172e-01
-4.215911815208528424e-01
-2.183658693866163958e-01
-4.811748226529743988e-01
-1.911875244786642725e-01
-1.282779749089968391e-02
-1.738167725306993816e-01
4.446130787982838228e-01
-2.648504278113250621e-01
2.397073615156841697e-01
-2.041962261500884779e-01
5.412663313109078445e-01
-4.302193872263160301e-01
-4.450766937225125730e-01
-3.607860321608313825e-01
5.033036813983926550e-01
-1.651936258895148057e-01
-9.069856901078310329e-01
-2.455793719491339289e-01
-3.121604663647303823e-02
-4.903472472506109625e-01
-5.756523364652821328e-01
-5.636886157844855916e-02
4.675207776472234400e-02
-4.441598377979971701e-01
-6.612341962863865774e-02
2.523829323308746098e-01
1.482882368009086349e-01
1.018699720134463860e-01
-2.751153829194663558e-01
3.623198097102431348e-02
-4.622514495622453978e-01
3.057834589981212048e-01
-1.392104280739658861e-01
-2.491506165824830532e-01
1.465042771542357514e-01
-4.356008389549970161e-01
-3.746742152088700095e-01
1.010771342180305510e-01
-2.752793193394609261e-01
-2.791800852719461545e-01
-3.620857569330837578e-01
-6.095100957281829324e-02
-5.287538442644290626e-01
-4.696190103459230158e-01
-7.257334289079153677e-02
-3.125831540273793507e-01
-1.412207097928330768e-01
-1.526414621366711799e-01
-2.565921874975174433e-01
-7.665072985219012480e-01
5.433603291749022901e-01
3.007407656241412042e-02
2.571739798895578133e-01
9.615375802241032943e-01
2.836736712197307497e-01
3.988330092852265807e-01
-1.595881116145392298e-01
-8.352081408702360932e-01
-6.228840447874972597e-01
-3.337946168358030263e-01
-1.607103854439628776e-01
-6.963075520616257563e-01
-9.110895575759059284e-01
-1.320024978213041322e-01
-2.146628901300573489e-01
-1.442533630324760452e-01
-2.244181729338379228e-01
3.000403125952288974e-02
2.617719587760802824e-01
7.356418763038163888e-02
-2.259068878629477695e-01
3.875885568049852736e-02
-3.767341638649668312e-02
-2.820264057845633943e-01
-9.331754569075201289e-02
-7.351541597699906561e-02
-1.203438131369694020e-01
1.352182579239524784e-01
6.669661445357633056e-02
-5.432978582575742621e-01
-3.078458803429384716e-01
-1.067756727479718393e-01
-2.511245895675529027e-01
-4.039420673507265747e-01
-7.043199445888603805e-02
6.683159199383226223e-01
-8.779014137871854473e-02
1.407181287049752427e-01
2.344867340298151248e-01
-3.836090911590872565e-02
4.268928535111626843e-01
-2.211243668170936871e-01
1.705358840808912646e-01
-4.055426643390092067e-01
2.197196096176412539e-01
1.419295614368820679e-02
-3.586619641282595694e-01
-2.547927238083502743e-01
1.349771423519996461e-01
-1.149088575402856804e-01
-2.438869728393910918e-01
-2.364107842822704697e-01
-7.385828837414010195e-02
-2.508886609575711191e-01
2.449840508234046865e-02
-8.047967270385925076e-02
9.417705371106421808e-02
2.848413060974053224e-02
1.669119882308223168e-01
-1.844666286388019216e-02
9.714993609577504685e-02
-1.480144362631108379e-01
3.076366112964024069e-01
-2.874397750929347239e-01
1.671989338092316757e-01
-7.926431067062367219e-03
-6.503388050305147772e-02
1.358290546704665758e-01
6.579548994523065630e-01
1.260900035049417056e+00
2.957553704163728980e-01
-6.631089490838348866e-01
-6.376318992806773167e-01
-3.562944073109974852e-01
9.914572274283273146e-02
-2.560780103522120044e-01
-4.525783765529922675e-01
-6.401859877769311424e-01
-9.015408295454108156e-01
-4.779239759500342188e-02
7.524113811996357981e-01
-5.079721177025930956e-01
-1.257271975418916554e-01
5.222761956247268245e-01
2.290391876158537343e-02
-8.277054348582169041e-01
-7.879967256485542748e-01
3.379610973297531018e-01
2.922304531693953322e-01
-7.797743251103383955e-02
-3.701848925174999749e-01
-3.237568648728483822e-01
-3.594599036205181619e-01
-7.418286429583531572e-02
-1.324105625144511578e-01
1.927581223526431131e-01
-6.661118732154136524e-01
-4.700072793184517650e-01
-2.787033679396699881e-01
-3.271280206718074623e-01
4.655473446746327681e-01
1.977770835992487264e-01
-2.068717321890289895e-01
-6.397772267519030720e-01
2.543396249166107737e-02
1.010476040619323612e-01
-1.421938833345848252e-02
2.066525155441922834e-01
5.184260487567371456e-02
-3.728744673026085366e-01
-6.442481037538527744e-02
-5.828864004797651432e-01
2.678169721548329107e-01
1.358964709652354941e-01
1.199198607082507806e-01
2.048627578687955975e-01
2.087799941818957450e-01
1.145266708135750378e-01
9.969150838173845841e-03
-2.204429563334997511e-01
2.926531692537537310e-01
-6.267624996780796209e-02
-3.459292372554045869e-01
-1.907608719875497627e-01
-2.468994750870479038e-01
-1.672771077210200019e-02
-2.157557332793658134e-01
-3.676341009395400761e-02
-2.163535555155249313e-01
-1.236818860661514918e-01
3.216109405457245884e-01
5.355855705602152739e-01
4.350609401626570616e-01
-1.222994399086019257e-01
4.292180051379546057e-01
-1.966904648043055204e-01
8.123195271991789923e-02
-7.807735755704925396e-01
-1.687415078777121380e-01
-3.140839339721424039e-01
-1.882714144585406757e-01
-2.296794150424830150e-01
-6.189669932155084098e-02
4.295271196497196797e-01
-6.071807092666858807e-01
6.267111984925577417e-02
-1.860061331626639003e-01
-3.559822658871780732e-02
2.454655714245745912e-01
-1.772888538198458264e-01
1.404711724717344623e-01
3.877001972796279006e-01
3.982491136866883608e-02
2.818434552409598837e-02
1.044247142090171110e-01
9.651579091496387264e-02
5.761618808719504159e-01
5.522545620806340594e-02
-2.860300867268961156e-01
1.680980119544983609e-01
-2.971463857193157310e-01
-1.963766749213391449e-01
-3.707978066813666373e-01
2.139620391972130165e-02
1.825559081680694362e-02
3.901626755009601766e-02
-1.808803631320188288e-01
4.155022281793208094e-01
-3.404790902550303144e-01
-5.803996145914425142e-01
5.104539013700559735e-02
3.100037559988777502e-02
-3.431344453019846696e-02
-2.099172888847533613e-01
-2.105430780829919968e-01
-9.722432281478177174e-02
-1.203531496685172897e-02
6.935124474694021046e-01
9.230546993421739899e-03
1.133379399220757477e-01
2.785362340773644974e-02
-3.712018497026292607e-01
-4.270552835805574432e-01
-1.501385327173920814e-01
-8.565453413211798761e-02
2.284697018239967292e-01
4.073527293257939164e-02
-1.273468512863473734e-01
5.223867560744110961e-01
-4.961216149013125687e-02
-3.259648906350776087e-01
-4.827673194540693657e-02
6.222217763252047007e-02
2.039079021187717444e-01
1.827595212944288505e-01
4.877218202636868227e-01
8.324454370267631020e-01
3.510829458264197456e-01
-1.808307814599174890e-01
-2.176759039684839081e-01
1.007182618195656687e+00
-1.201056250010879012e-01
-3.176260179316159338e-01
1.388093835430481704e-01
-2.142824371276219608e-01
1.448974700224425760e-01
-1.909631492935659480e-01
-2.248827399853325915e-01
1.070910258249568869e-01
-1.019607864805038844e-01
1.949324541783425957e-01
2.604164137665065937e-01
6.860190069346572272e-01
-6.259989504542318173e-01
-4.567943676647701068e-01
-1.394378870145374094e-01
2.057138743793984759e-01
-2.457996970406384207e-01
-3.570296485122526065e-01
-5.026143981012864970e-01
5.805849241369287483e-01
-2.165973853607283672e-01
-6.319993417491787113e-02
-3.911519570465316065e-01
-9.056064698143018177e-02
-5.472236921377771068e-01
3.979692166922177421e-01
9.592204719410801772e-02
8.278495755575931980e-02
1.212583811138756573e-02
1.055311642517153814e-01
3.641484624949953286e-02
-2.402231302767177112e-03
-2.140479438139664126e-01
-1.991749911667284323e-01
-6.524128934870532248e-01
-2.308396176431415370e-01
-1.525376376321219141e-01
-1.957796200713346479e-01
-1.402663940552884014e-02
3.006753388490324141e-01
-1.098712516522937221e-01
2.896828164011822082e-01
-5.739707376051228493e-03
-9.205805184819837450e-02
3.291216188472390058e-02
2.247273158673124271e-01
-8.070740165067036287e-02
5.297497551737251342e-02
2.851007252502313349e-02
-2.350505354797860491e-01
-2.077455860671761911e-01
-2.723837724261102267e-01
-3.252416149734926876e-01
-1.608425890253784019e-01
3.586959564927383326e-01
9.881114237941801548e-02
1.562777214303423534e-01
2.753595538251829566e-01
4.043320700475305784e-01
6.535896091008908115e-01
9.630851138808793621e-02
5.801424549645162188e-01
-4.197410419237712631e-02
1.741348825134991785e-01
-1.776396629793453030e-01
4.772585953105590306e-01
3.181519332429161295e-01
-2.235643421499844408e-01
-4.047216179969836958e-01
-3.598428293116739951e-01
-8.607129586835071677e-02
-6.329810844363237265e-01
3.441104468038247433e-01
-2.722148337852559052e-01
2.768594242752442369e-01
4.242802731369010871e-01
-1.033819785334344488e-01
3.878098482346103992e-01
-9.136853407198941568e-02
7.137617785701877438e-02
3.043956553483440075e-02
5.597523795586312190e-01
-2.261426317318182555e-01
1.169794998645556916e-01
-3.727883211013249820e-01
1.986702216072444571e-01
-2.005961334816674935e-01
7.103436416855402058e-02
-2.280474262761345017e-01
-4.816987342337597511e-02
-3.453614567661134060e-01
2.692252465408273565e-02
4.183247597211448010e-01
-1.220070657836913597e-01
-3.744013810091928462e-02
-3.306103621980582830e-01
-3.274493565186276101e-01
-3.839937221528089140e-01
-4.624989458079653559e-02
-3.809773261309601367e-01
3.679787141663837247e-03
-2.890326982196711469e-01
-1.884388609596499009e-01
-6.565273338310362305e-01
3.440405862420448102e-01
2.330394011096359463e-01
-7.706682225716576795e-02
-4.041109491481620353e-01
3.665773817829176551e-02
2.933628309165214887e-01
2.202904596515509184e-01
4.678961715853802161e-01
-1.826847721986268880e-01
-2.106878582708304748e-01
-1.714372785954765277e-01
-5.091635557619156316e-01
-3.988848220615182072e-01
-3.827712191650789464e-02
-1.445123132270964561e-02
1.136599436790675099e-01
-1.992703744235768681e-01
1.519798047411313746e-01
4.501450803218176588e-01
8.938108067013672553e-01
3.873297487189120147e-01
6.946201835944521008e-02
-4.265557151938992320e-02
-2.791860254092171090e-02
3.863718234242696781e-03
3.481161741092364537e-01
-2.733025894485763274e-01
-3.697573163208289770e-01
-6.966218961679260246e-01
-3.787889966133661801e-01
-3.559640333605784690e-01
2.468827062784839654e-01
-2.578160547273000702e-01
5.653915309267176781e-01
1.166890442050316778e-01
3.472595437870040769e-01
-4.419206334205227904e-03
-2.083813370745701832e-01
-3.640625720890966477e-01
-5.813956249767215922e-02
-3.925599116882949602e-01
-4.782912128575844690e-01
-8.478452429017124814e-02
9.061640326990527683e-02
-1.604784074515919201e-01
1.381654897159023676e-01
1.644130520617181901e-02
1.943894147871105815e-01
2.825602507527946727e-01
-2.947614916593011003e-01
-1.672466254376558936e-01
-4.841535883315373212e-01
-1.931861817183744279e-01
1.957221655857210862e-01
6.851513489891658537e-02
-3.294700832157104742e-01
1.156027309434648487e-01
1.019535815771632770e-01
1.840685399656649679e-01
-1.567396310520052793e-01
1.514416112513572443e-01
-1.001274299028409587e-01
3.214973105514218332e-01
1.986684452504050569e-01
9.842239023782894947e-03
-9.399963118994492106e-02
-1.339381441312070820e-01
-1.830660778523451881e-02
-3.375726578269677702e-01
-3.670575097203254700e-01
1.383179863978512003e-01
-3.697617501075001201e-01
2.320328178484487580e-01
5.923365620219556149e-02
8.856429190018388908e-02
-3.660307470454426948e-01
2.521391024856711738e-01
2.888433527914457954e-01
7.461815698661666829e-02
2.968015451187966391e-01
3.471205616278894013e-01
7.555858019259176217e-01
4.594131439716875320e-01
4.070847694492840674e-01
3.657686988844943698e-01
5.047294848736783024e-01
3.261013148403435480e-01
6.919572115293703973e-01
-3.706227147404206335e-02
1.504409823382957256e-01
-1.733326655539713101e-01
-4.295430073852912756e-01
-2.336380759970779764e-01
-3.662412098037748365e-01
-5.789947863377165049e-01
-1.693541378244844964e-01
-2.492602959591749823e-01
1.941466365451560705e-01
-1.452523719081000309e-01
2.730214987423096318e-01
1.030768501664169889e-01
-1.334967407728981925e-01
-3.278161386788269738e-02
-4.478104642657854129e-01
-1.545855212725655292e-01
3.987890124790283153e-01
-1.772877169514686102e-01
-1.391339310430339538e-01
-1.603907548997085541e-01
2.732124073645536555e-01
-1.025658491471403977e-02
4.645721105589473154e-01
-3.476145593594992533e-03
4.528919816948473454e-01
-1.433114960036618868e-01
-9.177065152243812918e-02
2.124691178551074699e-02
-3.656741967006382765e-01
-9.519524724055372644e-02
3.827141767942521255e-01
-2.007515433888329426e-01
-7.653214595393365016e-02
-3.743174374903901480e-01
-5.283027917357685510e-01
-5.441842176878708415e-02
1.676044121268205345e-01
2.313288405275670812e-01
-1.016222128669141966e-01
3.854009946735459380e-01
-1.828376525736530311e-01
-8.791592165380279766e-02
1.545234766808789573e-01
-3.527464400576718617e-01
4.103502249108714750e-02
-2.221311916628110339e-01
-6.675816877077522804e-02
1.840750059045603848e-01
-1.003640335284217144e-01
-1.094146284685848514e-01
-4.651363383345596958e-02
-3.882764758600387722e-01
-2.754254921910614939e-01
2.236892981954952120e-01
-6.619271886165734031e-02
2.728092169945739442e-01
5.708511139346228447e-01
5.792126103187911212e-01
4.704733100879820995e-01
2.769470484054181725e-01
3.402408026431658072e-01
4.673867692872590851e-02
2.588463416941522155e-01
1.438240531115297927e-01
-1.206840920531249139e-01
1.638275932691612979e-01
1.328598955296911299e-01
-4.870754537478205748e-01
-7.362900191765220370e-01
-3.228843183933349792e-01
3.779761215128019103e-02
2.972658563749064342e-03
-4.752138238472980447e-02
5.120980972606048454e-02
5.446197519631823525e-01
1.017179158679937245e-01
-3.542838271641812753e-01
-1.519457413223790354e-01
-2.677315364962851163e-01
-2.557745801823330112e-01
-1.248392038633028278e-01
1.173565067347226432e-01
2.352273327232978772e-01
4.767032635299983667e-01
-1.243805058948055375e-03
5.169908945390488952e-05
1.800488149683587835e-01
-1.140290777357222396e-01
-8.670774320762575371e-03
5.236316269474627916e-02
2.079988092873463756e-02
-1.494915693456277950e-01
-2.718745690799551085e-01
-7.814200841949059395e-03
1.820965707111099618e-01
-2.043456106548546813e-01
-2.717096094784210436e-01
-3.540673105817404576e-01
3.203698497600271367e-01
1.811740730772726238e-01
1.450170401540162857e-01
-1.763690704592590919e-02
1.622279199864351540e-03
5.530606586034991778e-01
1.830287175152989221e-01
3.457290063124673907e-01
1.390314281479732017e-01
3.750326982299156953e-01
-5.567158467556510004e-02
1.961814888318258454e-01
3.017410676875442732e-01
4.255567773725488223e-01
5.189016292206360959e-01
-4.814706926481449045e-01
-7.129273171813110821e-03
-2.650216117672243854e-01
3.300098967429221375e-01
4.625836425020679599e-01
-1.230699240295507479e-01
1.931871338456403464e-01
4.566332449940091465e-01
5.701506893274199683e-01
7.332116638281149790e-01
5.268319114293262828e-03
5.616988119072630070e-01
5.827118911838624626e-01
6.525203843921190128e-01
3.768343219689995749e-01
-9.256157085246741190e-02
1.568922840533559793e-01
-3.422111944928474259e-01
-5.802737632620846853e-01
-4.072070112215442350e-01
-5.068826567367068492e-01
-6.017514806444523856e-01
-4.550972931838259683e-02
7.307816929369437275e-02
2.171739765799429733e-01
2.719244207582960371e-01
1.032707075410144171e-02
-6.136889396657352336e-02
-2.030835162258881610e-01
-2.334800797143543605e-01
-1.362935222459782381e-01
2.762608630746399285e-02
-1.176822692627865763e-01
-6.383929473940952448e-02
3.216533741579041816e-01
2.170443735849403311e-01
7.251468900904001202e-01
5.748025273533130530e-01
1.954025208306120476e-01
2.043702664877855568e-01
-8.832040521156159230e-02
5.556178805932177056e-02
-1.733791918923088815e-01
-1.482487164139456581e-01
3.350706094806810142e-01
-9.361099273519357666e-02
-4.388017771361774066e-02
-1.557679496499986271e-02
-1.470980777185104671e-01
-6.891139605613716412e-01
-3.476820324976870324e-01
4.809859319720999338e-01
1.579456636591203278e-01
6.034491661921492778e-02
-1.360142505291150883e-01
-4.012136969322455116e-01
1.684320523054338992e-01
-3.284083334165188717e-01
-1.043408559553427040e-01
-1.902797066577477381e-01
-5.278687353893474210e-01
-1.427775231377381715e-01
2.693059855118917767e-01
4.555631107905355748e-01
-9.932369238185856375e-02
4.591009314935945440e-01
1.646121603471328854e-01
-7.480878139176638797e-03
3.529242462718684692e-01
1.570303282960594515e-01
-1.412199850392426015e-01
3.182371983712073416e-01
4.329626506205386249e-01
8.634963251097360626e-01
3.726747195287316572e-01
5.642564246954862028e-01
6.501334723907348234e-01
7.100445600372040644e-01
1.574887704691718682e-01
2.752228738245321438e-01
4.901761130327031424e-02
-5.167261178939952515e-01
-7.488956725865136832e-01
-5.785195753560401499e-01
1.596001197867735755e-02
-1.285047375176873174e-01
-7.485851938326959498e-02
-1.945833787431183737e-01
1.567290155435330234e-01
-8.620629188271777821e-02
-2.614752929730457254e-01
-4.369661610326147638e-01
-5.915937890677014366e-01
-3.026956392204738222e-01
-1.094665762479962723e-01
-3.973902948928298429e-01
8.688410702006876818e-02
2.186452690011719824e-01
-3.870670752803562209e-01
8.839255372095067287e-02
-8.401855211559450254e-02
4.526841053120733704e-01
5.744168447563424706e-01
5.482633014253224246e-02
-3.759242162004738930e-02
-3.482686565803305712e-01
3.160440087413007859e-02
-3.375700998731190339e-01
-2.249257704534102231e-01
5.303617811591720965e-02
-4.303047376197355334e-01
-2.661374765011714771e-01
-1.843288259806286078e-01
-5.514665701866761083e-02
2.860764993783959653e-01
-4.229645469422393944e-01
-1.727580070109979715e-01
4.901814349977939855e-01
1.712845687507069670e-01
-4.557717829811736010e-01
9.306298665023859940e-02
-5.826278766107861884e-01
-2.473848894624097738e-01
-5.304912633619096596e-01
6.152372122869564919e-02
2.131503578084448236e-01
3.211580690276605310e-01
9.106176435125235002e-02
1.098816468925178924e-01
-6.422377509807120077e-01
-5.182821496418910101e-01
-2.411688910797238350e-01
-2.686648201688512927e-01
4.412853797930438304e-01
4.258319563632539939e-01
4.291285335966676939e-01
6.442130597861250862e-01
2.502545157767599449e-01
6.871515552120399661e-01
6.162987347124726512e-01
4.311689281166763976e-01
4.109074325242545456e-01
2.267239551656530239e-01
-2.638556395595514914e-02
2.690277938199869823e-01
-3.290250560894492082e-01
-6.782872787880478427e-01
-7.263857924044714309e-01
-6.952633953005715739e-01
-6.568909611814888194e-01
-3.328516697820305126e-01
-1.101393465319233655e-02
-1.678733099197415868e-01
-6.424329512810800225e-03
-8.159793196682585403e-02
1.354914331841428066e-01
-1.372550855194276664e-01
-3.316687298138276674e-01
1.369794233596621780e-01
1.427779352525249124e-01
-2.534084053706919804e-02
1.470720434326722170e-01
4.361695289389899699e-01
2.514492507543764077e-01
5.608179662885959260e-01
7.162304882513126358e-01
1.118395545063322061e-01
-5.056658380908629624e-02
2.589247571904707002e-01
-2.986595148968262947e-02
-7.234835663894045865e-02
-3.379247175416821847e-01
-1.403188036874780664e-01
-3.180042824624251807e-01
4.897795520264480729e-01
-5.702116112615840393e-03
-5.224067933795595309e-02
-3.481290491436084267e-01
-2.852385989626782248e-01
8.441060117547749542e-02
-3.002681410180230159e-01
-2.454406740071135573e-01
-2.346836538436036790e-01
2.277687656260241056e-01
-3.130900836367800366e-01
-5.212277187638392206e-01
-4.848836852033855394e-01
3.783000863677443704e-01
-2.782854124916411820e-02
2.625050683491281234e-01
1.834805800626782002e-01
-4.721161417364783119e-02
-3.356705065016285516e-01
7.674711355321051087e-02
4.549757477434468456e-01
-6.932034324336200370e-02
1.656437405017641140e-01
8.985665544969378971e-03
1.146031962662164005e-01
-1.471871939884294989e-01
6.999430297582875937e-01
2.561637302278541028e-01
7.899483307483023964e-01
4.770485020344494842e-01
2.961191967187914997e-01
2.982071691803866997e-01
-7.484101871568782371e-02
-1.940146887591254199e-01
-5.039549932916997932e-02
-2.781630428216885775e-01
-7.214223955998022575e-01
-3.330393667511089006e-01
-7.489213658118387684e-01
-8.128553190545062535e-01
-2.088660266963415779e-01
8.775385396120327641e-02
5.562212663789978251e-01
9.760852037743461551e-02
7.269787261066085193e-02
-4.389551691019732971e-01
-1.839789263158309041e-01
2.811057981944031781e-01
-2.824181137839332223e-01
1.460959140331397066e-01
7.206834595763211837e-02
3.365267957633477636e-01
3.287279639607731951e-01
3.554102931957459077e-01
5.773769089501001872e-01
1.558948525826053810e-02
3.835967277154850308e-01
-3.117013704923010664e-01
2.684928972485067789e-01
-2.148931201872983365e-01
-7.537920510003459640e-02
-3.176849645569745917e-01
1.600956096581285237e-01
-3.177772214257856831e-01
9.956920621334575117e-03
-3.175054814619215904e-01
2.593554881968884729e-01
-7.054991328914184123e-01
7.914719191148833488e-02
-3.238622809931257507e-01
1.675482934615502018e-01
-5.293688332130841445e-02
3.168601665493042674e-01
-4.614601323282840895e-02
-5.156747988621646073e-01
3.849152108159614727e-04
-4.075489812294108560e-02
2.592680914403899806e-01
-6.985947038629092276e-01
-3.324621502542868257e-01
3.724565544871438760e-01
5.984071549391956069e-01
-1.350910423525419901e-01
1.390684190027968725e-02
-6.705579380650306121e-01
2.618487542349612340e-01
-9.845560100529837655e-02
-2.493478064025111962e-01
3.912605563982651802e-01
4.243809428317035781e-01
3.038193199245142750e-01
7.057627158246759791e-01
2.012084507896361174e-01
3.308510372335149441e-01
1.819012993564683711e-01
2.563559746704413556e-01
2.848114988296401862e-02
5.253284598438767716e-01
-3.884846933033259120e-01
-5.732967451876902487e-01
-4.731573994831705932e-01
-7.446804488608904649e-01
-9.629118267184821889e-01
-1.027862253977218643e+00
-8.159795328310792684e-02
-2.821437874445109628e-01
-8.072839250417018775e-01
-3.070058767207228811e-01
-1.625488366130412032e-02
2.410103547845210414e-01
-6.932770588718994986e-01
-8.644834110782539938e-01
-6.144402959762373939e-01
1.571342522765917238e-01
3.798724605985626113e-01
7.881196495418407721e-02
3.372825290171022061e-01
9.269371048503671773e-03
1.960193571903801057e-01
1.712390940156183206e-01
3.825880412477999926e-01
5.747589284510468133e-01
1.706096668385725934e-01
1.821787662947826902e-01
1.482903684291159152e-01
1.088395293891153415e-01
-2.053438805660334765e-01
-1.207260424962441903e-01
2.166610073572883266e-01
-9.202537398778076749e-02
-9.105616527449456044e-01
-1.789835408771978109e-01
-7.914097182037949096e-01
7.569052513645146973e-01
-5.773518978458014317e-01
-2.018564089212304680e-01
-4.941428528582036961e-01
1.667002464955658070e-01
-7.241084176712320186e-01
-4.563034963211975992e-01
1.242718496996531030e-01
8.736107304230245063e-02
-1.422414470653166063e-01
8.538854956441355171e-03
3.182445311722403858e-01
1.100139854770532111e-01
1.069516031293460401e-01
-1.020426907416549511e-01
2.002427805791739956e-01
1.276973478070431156e-01
4.945309228787664324e-02
1.002396459170995513e-01
5.236515221440640744e-01
5.737009018957905937e-01
-3.867770317356189480e-01
5.481318794409162365e-01
2.664792475570720853e-01
2.711296929192030802e-01
3.369754892901255516e-01
2.443802600282651838e-01
6.286968528002034873e-01
4.356084559731243644e-01
-2.400984158157370985e-01
-7.712969818385317922e-01
-9.495323638475383632e-01
-1.378227239001716953e+00
-8.790076435616356321e-01
-9.965619938157033175e-01
-1.685510255811095703e-01
-7.456511639247764833e-01
-2.069733682219521143e-01
-2.128928997535695089e-01
-1.085340741724394320e-01
-8.944514320319285616e-01
3.235941221646498889e-01
-1.593280529732510331e-02
-6.390488351826206781e-01
7.779540567298681708e-03
5.496234507518238388e-01
4.341973180999048054e-01
6.965116199353360571e-01
3.351825341724179452e-01
7.223038664960768074e-01
-2.216021641743282089e-01
3.490531241823191522e-01
4.090789786914683646e-01
-5.956637778581352904e-01
-6.482446224254090339e-02
-2.133769640977334348e-01
-6.013365805301873479e-01
4.532543016466661356e-01
-4.934085495733597782e-01
3.758322719704665360e-02
-4.337636880791251315e-01
-1.248999694780650316e-01
-3.073308221246406902e-01
2.310547699835296953e-01
-3.309572775833657943e-01
8.692059338955004932e-02
-1.252801240525514004e-01
-6.933263563269065344e-02
-2.015215443407214480e-01
-2.445113977955770679e-01
-8.250364089690265246e-01
6.963355758671241347e-02
3.257060257055854890e-01
-4.552595669338188600e-01
-2.225020523383136606e-02
-1.054402574141022342e-01
1.100819346788739495e-01
-2.746209588622150477e-01
-3.257542573464888847e-01
-4.926657766191055998e-01
4.822643404622795060e-01
-7.582625727309277863e-02
3.732267828127078246e-01
-8.315756190313550178e-01
2.560307734711386729e-01
7.957758043630747125e-01
3.304583060526056215e-01
1.494508978794328868e-01
6.718428267049603164e-01
3.117619371550972573e-01
-4.693966104696301045e-02
-3.066253384531592019e-01
-1.591326054040109739e+00
-1.899330470678251004e-01
-3.985998660027689766e-01
-7.660103165108012035e-01
-5.869273991265799850e-01
-4.740251711154996883e-01
-7.410341140712262131e-01
-4.731949729830375873e-01
-4.322938309542223578e-01
-4.198434737645584391e-01
-9.175931836580275558e-01
-6.316049621091224253e-01
-4.908529263047967106e-01
-9.933623914548661560e-01
-2.536776833039766643e-01
-4.627216654284893593e-02
6.044479050615336746e-02
2.167624302273907233e-02
9.922207055979015422e-02
2.316751306352671236e-01
4.758619809308584081e-01
8.062679626164026558e-01
5.718967486245674081e-01
3.190636732597340597e-01
1.710223500595020596e-01
2.719953045016154647e-01
5.911006439873744966e-02
-1.570624021951516625e-01
-7.202232268355146516e-01
-9.015792556965607218e-04
3.824566761068126652e-01
-1.437091441403026693e-01
-3.753875148504448589e-01
1.372469569105305709e-01
-3.079980785969382850e-01
-1.218565444105479401e-01
7.017015235533108353e-02
-8.034879783735959791e-01
-4.803072783943207469e-01
2.800388188006763812e-01
-3.345202230775612406e-01
-5.578510808845749125e-01
-1.637205286897369660e-01
-1.717007194201869424e-01
-2.733463304593897192e-01
1.115818548669267329e-01
2.153848583930084715e-01
1.611223297004471533e-01
2.890438963731867261e-01
1.099721771424810868e-01
5.609864501820993610e-01
-2.467262163463601610e-01
1.863240157717882539e-01
-2.885907974814472254e-01
-1.480027975730990875e-01
-7.916046342870686203e-01
-1.200926362798782066e-01
3.068485625590255950e-01
3.270372985753056128e-01
2.414518291971035069e-01
-4.011366172562702559e-02
1.358332895051717060e-01
2.406607109151082113e-01
-4.340034820415894501e-01
-5.400793270382564515e-01
-6.460968506871722639e-01
-5.761553438787814230e-01
-7.196052820290788077e-01
-4.785879355040378869e-01
-8.347573725586698856e-01
-4.199600311949325260e-01
-8.543896683477214538e-01
-6.192695991558139212e-01
-5.238574658505967818e-01
-8.073735671132453717e-01
-2.771411686808278318e-01
-5.557727718041860498e-01
2.055752617025063955e-01
-1.088243450908521481e-01
1.110462619635654846e-01
4.064156655658734962e-01
2.175673898818786256e-01
9.031214176502544433e-01
6.647029522355296649e-01
6.964427257116767578e-01
1.576290173943561967e-01
4.711966710146953119e-01
1.708828136770534911e-01
-4.374877846657909686e-01
2.636862177496368531e-01
-6.037580533302389085e-01
-8.552570989195373841e-01
-3.184407830758573255e-01
-9.716245585877913982e-03
1.742633628509793198e-01
2.428107563900994137e-01
1.262976070393051486e-01
-3.722422547980386298e-01
-3.092793008363514673e-01
8.785164595792593900e-02
-1.589467046869685873e-01
7.161416704093426233e-02
1.238653197788153193e-01
3.055749857594491914e-01
-5.526761697183246724e-01
-1.784826508810510859e-01
-5.791436592517129611e-01
1.738300028364392347e-01
2.893308703733055154e-02
-5.621697027891059406e-01
4.674990918829280417e-01
9.438887360602166154e-02
8.887454896466806531e-01
8.318222199932279182e-02
3.960988692597311456e-02
-3.149047529404924717e-01
-8.985342674350249581e-01
2.330956760943081463e-02
-1.038995236513073905e-01
1.933331077452749014e-01
9.015786162080985378e-02
1.083654126432520570e-01
3.227885088108450873e-01
3.521955136420729104e-01
9.766675646005751332e-02
2.384890649409499019e-01
-4.386413365864427760e-01
-4.219869254029617878e-01
-1.428757769872390782e-01
-7.869231808399490546e-01
-4.254611098986060824e-01
-2.139081800578424009e-01
-5.116291958984220400e-01
-8.711235182090604212e-01
-1.018422835841192864e+00
-5.933849251960054971e-01
-7.707692475378280506e-01
-4.561586024465213995e-01
-5.800654889753786847e-02
-6.319652356978622265e-01
-1.133622333782113856e-01
-1.343297810763033340e-01
3.692126426813047146e-02
1.205048221208926407e-01
-2.229334938874671934e-01
9.076711648958735168e-02
-3.000772608174884226e-02
1.756384193640769809e-01
7.434214808199612889e-01
1.098084339901106432e+00
6.882290790599654429e-01
4.511313136390526779e-01
2.630750373100454453e-01
3.763614699892059434e-01
1.046250446279373136e-01
-2.937377701073273784e-01
-2.447624467549758265e-01
2.858170660147152375e-01
-2.900574713748937938e-01
-2.183912215514283162e-01
1.499941220117761986e-01
7.487391826543898787e-01
2.273379777761874720e-01
3.491561813007137971e-01
-5.035212780057918280e-02
5.654337087435123976e-02
4.053310220797357033e-02
-4.346358082329970784e-01
-2.951290412056550849e-01
-2.492009798515937291e-01
-5.742394648677873192e-02
5.563871354752336629e-01
-2.012160820186181809e-01
-5.100649786982103251e-01
2.539435399739886634e-01
1.201804877837275853e-01
7.614986543558188714e-01
3.926623435290821362e-01
4.344871626926760655e-01
3.737689269200927811e-02
3.890778543791384436e-01
-1.180610809115023585e-02
-9.637223286063090200e-02
-2.270238610435626470e-01
-9.613909242034424096e-01
1.821991446604442899e-01
-1.577963075760635547e-01
2.282444313550513471e-01
1.352870526716287713e-02
2.352636840896593640e-02
-4.220288474243716337e-01
-1.068973915607784875e+00
-3.197184526015917072e-01
-6.926032369847234804e-01
-8.390165930904913694e-01
-9.159406317849061452e-01
-9.118739399127662182e-01
-4.411296572470746469e-02
-4.793403149960795417e-01
-9.150077175945625640e-01
-1.110970629270013887e+00
-7.607349061800050549e-01
-2.978976851863990305e-01
-4.075126867064682301e-01
2.842838853212015238e-03
1.365170021472295048e-01
-3.353190152211027453e-01
3.492235407520638546e-01
2.004058217153215082e-01
-2.291009053578818566e-01
3.350830581894115312e-01
6.180057994242815766e-01
3.271283901540300576e-01
2.657148741036508000e-01
4.499284784742485499e-01
-1.320762521572760306e-02
-1.355745666842267383e-01
4.963349624631518964e-01
-2.102979124174453318e-02
-3.592923576434259303e-01
5.722830564991454594e-01
-7.422493695230514277e-01
2.865765509341144934e-01
-6.615699987833068008e-02
2.374134737692656927e-01
5.685870263505421462e-02
3.344007382111158222e-02
-3.008418048011662904e-01
-4.480167348219765699e-03
-1.154864222030482779e-01
-2.587102585493994411e-01
-7.173017024797445629e-02
-4.388635943541885354e-01
-4.203446906103636138e-01
-5.844493671247619204e-01
4.620564482138433959e-01
2.381542572038597427e-01
-4.091235155101458076e-01
9.784954499991727062e-01
-6.754990522495063487e-02
5.173942696501399041e-02
3.829803461030678591e-01
2.351726209326443495e-01
-6.711576361340121366e-01
1.246939831389681785e-01
-2.685508491140353726e-01
-4.353114491095766425e-02
-2.489844064257340506e-01
1.799179756289959187e-01
-1.626310819347054348e-01
-5.464557375489675906e-01
-3.364250176218774868e-01
-1.972190943888563197e-02
-4.440301495378662366e-01
-5.377065690481686033e-01
-4.298901217225647997e-01
-3.417076470668689581e-01
6.079378067624929827e-02
-5.557358804253453854e-01
-9.291280207435193006e-01
-4.197979137643415015e-01
-9.032265779751469381e-01
-9.355389920528978109e-01
-3.851075689453864470e-01
-1.645138922867772635e-01
-4.167443421465577558e-01
-4.024168447358533740e-01
-6.056690153855015524e-01
-3.666083614461967954e-01
-2.958696256882831221e-01
-5.221845071901043411e-01
-3.224582911798279383e-02
4.142583520660991780e-02
-1.381997662974754348e-01
6.497405138361500576e-01
8.215052389459742699e-01
5.249570449450402521e-01
5.708390062864054926e-01
3.477552468211797532e-01
2.993208170209982200e-01
3.786054776355740614e-01
5.512983989319764078e-01
2.694708882700069807e-01
-1.818970503109085257e-01
6.166474122437648475e-01
2.168781421119092556e-02
-2.360473274620744633e-01
-1.048051785801362712e+00
9.109052001576856128e-02
-1.298716512110331678e-01
-2.855136358448362444e-01
-4.859741693508112803e-01
-4.990562842976942193e-01
-3.205770724434842123e-01
-4.840988481191743631e-01
2.268617436129716225e-01
-3.486782986783509841e-01
-4.894486096418404486e-01
2.126223108689373475e-02
-3.576959528572842828e-02
5.150230890649254434e-01
-5.271322578437320772e-02
1.824384412429935765e-01
6.877952500872197561e-01
8.616541435912949964e-01
3.836039041971162078e-02
-3.991341657183511415e-01
-3.803366155352705391e-02
2.359422239806008292e-01
7.013060354665867635e-02
-3.916207731435861206e-01
-3.974191713496111333e-01
2.249967678835673723e-01
-2.218394712372173672e-01
-1.748592950434613158e-01
-3.889366269049787661e-01
-4.024109898637107108e-01
-8.049156576817040332e-01
-7.015832466095162090e-01
-8.643119713269697968e-01
-6.046645921742310748e-01
-6.466567583629512228e-01
-4.499676151681342162e-01
-1.146358243886425043e-01
-6.042537279427051544e-01
-1.217909698425501119e+00
-4.884659574599936604e-01
-4.258194792328140466e-01
-3.074277401537983678e-01
-3.179753207405155990e-01
1.126291095943088294e-01
1.952477646227634978e-01
2.688070992462598952e-01
-2.572203356976388022e-01
-1.863674441437979112e-01
1.402548477358322998e-02
2.351040251369340695e-01
2.920563133557152469e-01
1.893079115689033642e-01
1.198843477823174908e-01
-2.531593281673849560e-01
5.505659714799548965e-01
5.619596663564152550e-01
9.276992329887434607e-02
2.479817169387388276e-01
2.674636903066129889e-01
8.676379081862251041e-02
2.093848081585747423e-01
3.799008538862835849e-01
4.211574378132354468e-02
-3.752920747501775622e-01
-2.065659572281219880e-01
1.856285791745904135e-03
-6.566532420038129203e-01
-1.702856877727754181e-01
9.435098036192357540e-02
1.611702913351109601e-01
7.268712209906880162e-02
-2.154165912315875175e-02
3.813109969996730797e-01
-9.153296787189901806e-01
-8.729966083365070517e-03
-3.535300265866681002e-01
-3.102571781710139476e-01
-6.099788407709638705e-02
2.981042257488297764e-01
-6.329571533569833264e-02
5.069612711849913467e-01
-2.276052128991068457e-01
1.381658591981249629e-01
-2.286667211137682898e-02
-2.715613049986131955e-01
-6.066102287149988115e-02
-8.160787956512649544e-02
1.608175210776607855e-01
-8.511012197232048493e-01
-7.758870879115420394e-01
-2.265038290261145448e-01
-2.700781749354064232e-01
-4.851000312555697747e-01
1.503625810528319562e-01
-1.029556642606621608e+00
-5.419287418817475555e-02
-7.351243311859434471e-01
-5.960226303614035714e-01
-4.074581738677807152e-02
-2.783727381938660983e-02
-5.200956820772262290e-01
-1.506892658653669059e+00
-9.663506261858856305e-01
-9.000187901619938202e-01
-8.457682838525215629e-01
-7.231448648781224620e-01
-8.449394499621121213e-01
-1.134822511517086241e-01
-3.766077725231298245e-01
-2.537056502660561819e-01
-1.500582555991059053e-01
-1.864159600017956109e-01
-1.671348570653208299e-01
1.620677778646495426e-01
-1.727652332306206517e-02
2.185564795809114003e-01
4.973727527612936683e-01
2.308077569068700541e-01
7.130591939130681567e-01
5.508903768713935278e-01
1.056110363606421743e+00
3.750598409624217311e-01
3.092064915222181298e-02
1.819387591694976436e-01
-2.180197924417370814e-01
2.424613967377808876e-01
1.028489293730672216e-01
1.221427936570762540e-02
-1.582234290253836662e-01
-4.201655201541143470e-01
-1.240836695615143981e-01
-4.437311673655131017e-02
-3.608001861721277237e-01
3.003967208314861637e-02
5.166464234207523987e-02
-8.415474894718499854e-02
-1.919737968592016841e-01
-2.647424821589083876e-01
2.142662935966654913e-01
7.269655100117233815e-03
2.007936643622088013e-01
-3.397287429152129334e-02
-4.913705424769432284e-01
4.086301146344339941e-01
-9.163480285678815562e-02
4.596562916958646383e-01
-1.371792563986673485e-01
-2.253128315032881801e-01
-1.344961901850183494e-01
-3.205630605407350231e-02
-3.720099925885733683e-01
-2.711455806547746761e-01
3.286119465428782860e-01
-1.497326280741617666e-01
-5.236404945208050776e-01
-1.832993490324952290e-01
-2.835319321548013249e-01
-6.132513021839258727e-01
-5.395300206600950332e-02
1.755754652776886360e-03
-6.911286050126363989e-01
-8.150060466505237855e-01
-7.218609425763133913e-01
-7.868510465414146893e-01
1.369044895227489178e-01
1.150400876781532133e-01
-1.068741539711481892e+00
-8.076197559603315312e-01
-5.762833552580559626e-01
-6.300838890638260636e-01
-3.135578765522950562e-01
-7.022431418590713292e-01
-5.887594056730449665e-01
-8.638946269456937443e-02
1.089155148292775266e-01
-1.580051076643940178e-01
7.772252530457990360e-02
6.660549445314245531e-02
1.367054380807530833e-01
2.489035182406951208e-01
2.154273914811710711e-01
4.530994601736892946e-01
8.503209869559213985e-02
5.768067694589262828e-01
-4.128846171624900308e-01
-8.301711318381421734e-02
-3.234420375974877970e-01
-1.912987386276654433e-01
2.772143545826111222e-01
2.259050404518347932e-01
1.977875712100285455e-01
-1.548803396644871100e-01
-3.572467051071726019e-01
-4.595123073158902116e-01
-2.908093676978751319e-01
9.509229670356944553e-02
1.775308220430815709e-01
2.379927650508761872e-01
-1.456145923839358147e-01
2.369192486639803974e-01
-5.729167469326057471e-01
-6.209401703927142080e-01
4.309086421017127577e-03
1.262541786672954913e-01
9.928832866989978356e-02
1.756059333501980291e-01
-2.817944277921924368e-01
3.219282689315150492e-01
7.041444405331276357e-02
1.253619075214373879e+00
4.296614974919066299e-01
4.579369772272912087e-02
-8.592427320763817988e-01
5.321282969816820696e-01
-5.530964131139626261e-01
4.321928486206161324e-01
3.976332152433315059e-01
-1.554425921312940773e-03
-9.308337212132755667e-03
-3.920131064205634175e-02
-3.878759287090360885e-01
-7.581141971968463622e-01
-2.969172783195972443e-01
-3.811230158135003876e-01
-8.375150173378642648e-01
-6.824359388701850548e-01
-7.060589268803596497e-01
-5.355724397304584272e-01
-2.795711111502896529e-01
-6.720365490764379501e-01
-5.408296033238002565e-01
-7.902791026026534382e-01
-3.146582230328931473e-01
-1.181308988407181459e-01
1.602024326530226972e-01
1.695021296654886100e-01
2.263529808033126756e-02
-2.662335987224651035e-01
-5.058693091086752247e-01
-9.909291520671104081e-02
3.327167803490738152e-01
1.727720189137471607e-02
-2.748299721133662388e-01
-4.336363872425863519e-01
1.045874995497797499e-01
2.314241100975777954e-01
-2.173587745346594602e-01
3.961162065024836920e-02
-3.460372681729495525e-01
1.220646765887067886e-01
-1.951433148406067630e-01
1.333443435669323662e-01
5.023509785928581550e-02
-1.209352689102161094e-01
5.637213007503305562e-02
-2.864285875148198102e-01
-3.347724373270466458e-01
1.595948617705289507e-01
8.637412918233167147e-02
5.792516049041296355e-01
-2.211662035733752418e-01
7.113670790204196237e-01
2.789396376101649366e-01
-6.964427257116767578e-02
-4.687666148583957693e-01
-1.417111121781999827e-01
-3.096839122918026987e-01
-8.086664848860891652e-02
-1.694915994221446454e-01
3.137667476948990952e-01
-6.016616680426523089e-01
2.238803631371411029e-01
-1.982427306757017504e-01
7.346435495492187329e-01
5.238554479092272231e-02
1.195683267951608286e-01
-3.216964614694006741e-01
7.220533007057383657e-01
-2.091565676209938829e-01
3.061585687191836769e-01
2.672464916031458415e-03
-3.237457519844610943e-01
-6.785581376789195929e-01
-2.305912261135745212e-01
-1.639840121470115264e-01
-5.142218242326634936e-01
-3.190736492797441315e-01
-1.505079865182779031e-01
-3.737490601452009287e-01
-1.602358281616034219e-01
-3.656487592706980649e-01
-8.565510256630659569e-01
-1.136402190127228096e-01
-6.849106171102903318e-03
1.989228337606618879e-02
3.223190248036189587e-02
-7.760375808629760286e-02
-3.152444492116046604e-01
-4.822747996513498947e-01
-2.238295166989701102e-01
8.847533905509408214e-02
-3.417479206291318405e-01
-3.452680630289250985e-02
-1.846341888267488685e-01
-2.072197560210042866e-01
4.632068169030389981e-01
1.094960566661029588e-01
-8.318120592321065487e-02
-4.800816810757169151e-02
-4.411475629240158014e-02
-1.024363101009839738e-01
8.963964148733793991e-02
8.112237992463633418e-03
2.578417479526251554e-04
2.935436782536271494e-02
9.131967004805119359e-02
-3.706811213533001137e-02
-8.232039050426465110e-02
-4.059410798618046101e-01
-1.720160014428984141e-02
-3.125155672023538500e-01
-6.476804514932155143e-02
-7.270112689639063319e-02
5.583740403380943462e-01
1.796931030639825622e-01
4.023457904622773640e-01
-5.494612764778139535e-01
3.086514155370423396e-03
-5.380563266044191550e-01
-3.419462473175371997e-01
-6.567394166268059053e-01
2.686134052964916918e-01
-4.057493185882776743e-02
-3.440259774833975825e-01
6.821146598667837679e-01
4.739867449643497821e-01
7.181201908679213375e-01
-2.503649056961876340e-01
-8.658453509724495234e-03
4.461597313820675481e-01
4.271492457519343589e-01
-1.939633875736035407e-01
5.541252789953432512e-01
-3.061321081077039707e-01
1.077180229458463145e-01
-1.284883808239101199e-01
-2.683949560378096066e-01
-8.700129683347768150e-01
-2.680159241208457388e-01
-6.800198661949252710e-01
-1.497962784924311563e-01
-3.586442858249938581e-01
2.374653007564120344e-01
-5.225167569733457640e-01
-4.720915569578210125e-01
-6.615025540668284521e-01
-1.464479026935805450e-01
-1.181890496582127525e-01
2.285761979692324530e-02
-2.911642127401137259e-01
2.160694556607722916e-02
-2.777562713163206354e-02
-5.567230942915557534e-02
-2.640113052621018142e-01
5.961365445728006307e-02
2.901245466091495473e-02
9.213930241003254196e-02
-1.159904385872323473e-01
9.210095441858356935e-02
3.021518466539419023e-01
-6.996727108798950212e-02
2.409348667242738884e-01
-9.362941710833183606e-02
-3.587057761933465372e-02
-4.174108312327007297e-01
-4.661381467485625762e-01
-2.094604667490784777e-01
-8.049706252677424345e-01
-4.100193109479732811e-01
1.407265415309666423e-01
-4.672529030358418822e-01
-5.526709401237894781e-01
2.877569329484686023e-01
4.795094810106093064e-01
2.583543050604930613e-01
-5.857786078422577702e-02
-2.778562588900967967e-01
-4.160506250627804548e-02
1.336175046162679791e-01
6.672938468454958638e-02
4.953199663759733085e-01
1.846248096626368351e-01
-4.102489583601709455e-01
2.362260147492634133e-01
4.534489335128455423e-01
8.908779136618250050e-01
-6.086896746637648903e-01
8.362822256913204910e-02
6.666272724942245986e-01
1.556767529109492898e+00
-7.284602361323777586e-01
-2.730062931277643656e-02
-3.226037392778380308e-01
-9.866676009551156312e-01
7.710427780693862587e-01
-1.455324820653913775e-01
-4.177676657945994521e-01
-8.369881925318622962e-01
-6.600737378903431818e-01
-7.554275498478091322e-01
-9.980560662370407954e-01
-1.014143663269351237e+00
-8.430841944573330693e-01
-1.229382746714691166e-01
-1.411761161307367729e-01
-2.496680053809541278e-01
-4.710295229415351059e-01
1.060425347532145679e-01
-2.681213118194136769e-01
-2.930334517259325366e-01
6.416632913897046819e-02
2.511550292183528654e-01
2.140145625162404031e-01
-3.160126738066537655e-02
-1.960833344583079452e-01
-2.655833384324068902e-01
1.173653885189196444e-02
-2.869347781597753055e-01
-5.237099003352341242e-01
-1.153139237430877984e-01
2.580922000561258756e-01
-2.463697796883934643e-01
-5.970158554191584699e-01
-4.100095338799292222e-01
-2.236226634977356298e-01
-4.221049323405168252e-01
1.135424696485642926e-01
1.431939296026030206e-01
-3.003286792591097765e-01
3.619625772444123868e-01
-9.781992105217796052e-02
7.074030463627423160e-01
3.168848365930898581e-01
2.146468887076480314e-01
-3.858635864162351936e-01
-1.352772187601658516e-01
-1.063230925524294435e-01
-3.745458343473728746e-02
3.920991957784281112e-01
-7.063167117848934140e-02
1.432795357914073975e-01
2.283721016738127219e-01
2.747443659245618619e-01
5.258968940324848518e-01
4.928324415232054889e-01
-3.153457157623051899e-01
-6.975062092351436149e-01
-9.689647413324564695e-01
-7.510699333579395898e-01
1.755087595256554778e-01
-8.097039199128630571e-01
-8.350502866960596293e-01
-3.300456228316761553e-01
-6.858608116999675985e-01
-6.321925525298865978e-01
-8.314776778206578456e-01
-3.719697474480199162e-01
3.407397741739259800e-01
-2.961186282846028917e-01
-6.441564437409397215e-01
3.681697648971749004e-01
-3.586537218325247522e-01
1.328114080934028607e-01
-1.926952677422377747e-01
-5.500709221450961195e-03
7.944489510691710166e-02
4.872381609288822801e-02
-3.323707176150492160e-01
-5.256163717604067642e-01
-1.762079193667887012e-02
-5.171726229491468985e-01
-7.027553010630072095e-01
4.538426878752943594e-02
-4.550767300770530710e-01
1.296328662192536285e-01
2.810144223985844292e-01
1.414136079347372288e-01
-6.346695045067463070e-01
4.932179535899194889e-01
1.006792871294237557e-01
2.020106535383092705e-01
2.681707655938225798e-01
7.118970302144589368e-02
-1.264691036340082064e-01
2.943732511084817816e-01
-3.834064159491390456e-01
-4.528132535597251263e-01
1.526882442703936249e-01
-8.525080374965909868e-02
2.377685177634702995e-01
3.937894632599636680e-01
3.106073052094870945e-01
-4.194405960333824623e-01
-4.894894800600013696e-02
-5.219200716055638622e-02
6.124889750935835764e-01
-8.035603400458057877e-01
1.071383195494490792e-01
-3.089519964305509347e-01
-7.450701104971813038e-01
-3.275719109296915121e-01
-1.168020389741286635e+00
-8.342426554008852690e-01
-3.543137836459209211e-01
-1.418276127651552088e-01
-3.387188485248771030e-01
-6.980441185078234412e-01
-7.888529012234357651e-01
-3.740692022802249994e-02
-4.903225203634065110e-01
-3.245955326747207437e-02
-5.539894232242659200e-02
3.668826593639096245e-01
-1.370056708083211561e-01
3.908231747118406929e-01
-4.188321867104605190e-02
-5.398673863510339288e-02
2.986261051773908548e-01
5.178424089535837993e-02
1.457000280424836092e-01
2.825736942213552538e-01
-2.393045406279270537e-01
-4.409491793921915814e-01
-7.130044537007051986e-01
2.382905393005785299e-01
3.968415285271476023e-02
1.849865327585575869e-02
-6.378151056196657009e-01
2.065439304033134249e-01
6.077599437048775144e-01
-4.712375414328562329e-01
-3.801911248046963010e-01
-4.475131447634339565e-01
-2.151194280486379284e-01
1.954724950792297022e-01
1.110341258936387021e-01
4.362985919215134345e-01
1.781569096692692256e-01
4.268465403356458410e-02
-3.672221282613463700e-01
-4.563808886359765893e-01
6.222057891136500984e-02
7.662077905479236506e-01
-7.300987192593311192e-02
-3.273627555699931690e-01
-3.461911717295151902e-01
-5.293956633067864459e-01
-7.561467896266549360e-01
-1.183851281894021668e+00
-8.057819513851427473e-01
-5.841961296937370207e-01
-9.825866982282605022e-01
1.091368773131762282e-01
-3.956467367061122786e-01
-6.938829955061009969e-02
-1.953475248228642158e-01
-5.127985502895171521e-02
3.130181482902116841e-01
8.770849291295235162e-02
-5.362693400456919335e-03
5.845401318538279156e-02
-1.722513900404010201e-01
2.326925425677472958e-01
-1.639965319100156194e-01
-3.106329415913933190e-01
-3.506364691929775290e-01
-2.529272364881762769e-01
-6.757173878213507123e-01
-5.606063169238950650e-02
-5.114951591167482547e-01
-6.626351591876300517e-01
-3.877939604990388034e-01
3.904958703060401604e-01
-5.784394829788652714e-01
-4.545531737676355988e-01
-4.878597792412620038e-01
-6.515858785860473290e-02
7.811839708438128582e-02
-3.655497664567519678e-01
1.634674759998233640e-01
-3.138983117878524354e-01
1.075745359457869199e-01
-1.278782093550034915e-01
5.895332577665612916e-02
-2.424288680913377902e-02
3.989477477261971217e-01
-6.561682539540925063e-01
-5.011970642954111099e-01
-1.786096817113502766e-01
-9.116893693317251746e-01
-8.893910035112639889e-01
-5.478858611240866594e-01
-7.575378617730166297e-01
-2.591038139598822454e-01
-3.550530891516245902e-01
3.351412374286155682e-01
3.620132247306173667e-01
3.751712540633889148e-02
3.064085092319146497e-01
3.043882301767553145e-02
-8.028935383208590792e-02
-1.791454096178313193e-02
-4.018393724436464254e-01
-5.837049457113607787e-01
1.794022068679623771e-01
-2.407910244528466137e-01
-6.936354566278168932e-01
-1.062618650848889956e-01
-6.954793434488237835e-01
5.025847258366411552e-01
-1.255513808473551762e-01
-2.177200997266481863e-02
-4.107539552933303639e-01
3.164869966099104204e-02
4.660383297050429974e-01
1.161142222372291144e-01
-3.405978645787399728e-01
1.154901951849751640e-03
3.431210870985523798e-03
2.776877749965933617e-01
7.017305847512034234e-01
3.195780777787149418e-01
-1.313550654913342441e-01
-5.647301293265627464e-02
-2.689026246116554830e-02
1.695723028660722775e-01
5.627995278700836934e-01
-8.433288485321099870e-01
-1.971829419744608458e-01
-2.689510552045248915e-01
-4.050543793709948659e-01
-2.919125279277068330e-01
6.980258859812238370e-02
-1.736151205022906652e-01
-4.838189937572678900e-02
3.184667605182767147e-01
-5.811008350065094419e-01
-1.708377226350421552e-01
5.312385837896727026e-01
3.990666357367445016e-01
-2.075903182685578940e-01
1.755503546974068740e-01
9.628966779473557835e-02
-2.016709146346329362e-01
-1.916375680366400047e-02
-1.057460821130007389e-01
-5.889697263228299562e-01
-8.666133055612590397e-02
-3.090070777034270577e-01
1.014950754552046419e-01
-4.404949152103654342e-01
3.453737917880062014e-01
2.055033121450833278e-02
-3.848009555440512486e-02
2.697964873732416891e-01
5.968792038402170874e-01
2.066947217826964334e-01
3.784610953516676091e-01
2.177893350108206505e-01
-6.660229132648964878e-01
-3.213313561900577042e-01
-5.665054914061329328e-01
-2.928729259110696148e-01
-3.835223196801962331e-01
3.016323546489729779e-01
6.576972850780293811e-01
4.266386497420171509e-01
-2.726718264511873713e-01
5.697366134427284123e-02
-4.766384336107876152e-01
2.710234809910616605e-01
4.399137196742231026e-01
2.133597973852374707e-01
-4.499388808199000778e-01
-2.010840773891686695e-01
1.388053050277449074e-01
-1.847917587838310283e-01
-4.406245466270775069e-01
-1.026302584250515793e+00
-3.031009327969513834e-01
-6.102444558564457111e-01
-4.807362756764632650e-01
7.437065363546935259e-02
-1.780243792381952517e-01
6.554696483362931758e-01
6.791379973947186954e-01
7.181649266385647934e-01
3.495917155760253081e-01
-3.444390017648402136e-01
-9.946257932824664749e-01
1.802255553684517508e-01
2.374832419604899769e-02
-5.315094426805444527e-01
2.801963603360491106e-01
-1.013710928532418620e-01
-4.593472908709372859e-01
-1.857682718764408492e-01
6.206374791872804053e-02
4.912606641482852865e-01
-3.446256755523791071e-01
3.760658273677108809e-01
3.583115244509826880e-01
-2.817392896758974530e-02
-2.007210468946141191e-01
-5.965194986856658943e-01
-3.319586880934366491e-01
-3.918157176485692617e-01
-9.284670454690058250e-02
-6.990495649006334133e-02
2.677408872386877192e-01
-4.821713162073137937e-02
-1.108986680264933966e-01
6.470993412222014740e-01
3.542645572451874614e-01
3.820275651378324255e-01
-2.956678883947461145e-01
-4.288998525225906633e-01
-2.635792384353408124e-01
-4.678628329202183522e-02
1.852322242257287144e-01
-2.285098616994218901e-01
-3.060455924241978209e-01
1.385375014706369257e-01
2.188342733688841690e-01
-3.144209870242775651e-02
1.408265717373069492e-01
-1.667981450736988336e-01
-3.141757929370214697e-01
-4.431864795151341241e-01
-6.090504029998555779e-01
-4.156643740316212643e-01
8.940423157355326111e-02
1.419112152234447422e-01
5.893216439289972186e-01
3.427404067224415485e-01
3.957994181291724090e-01
-8.227175385400187224e-03
2.276949118140692008e-01
9.804289646808683756e-02
-3.738602174507832387e-01
5.242443990027823020e-02
-5.513261953637993429e-01
9.906254661018465413e-02
-3.561764003734424477e-01
1.355591052742965985e-01
-1.413912116277060704e-01
1.156425000203853415e-01
3.338780913964001229e-01
-8.350086773134535179e-01
1.464909189508034615e-01
1.104475160218498786e-01
2.237366061308421195e-01
4.429901423463888932e-01
8.271186402453167830e-02
7.488101800845470279e-01
7.978400162755860947e-02
1.211029854175649234e-02
-4.763340939462068491e-01
2.840010182580954279e-02
-5.082208076601091307e-01
-2.825493652380828280e-01
1.589724689665672486e-01
-3.470883882528141839e-01
9.361405517438470270e-02
-5.655465429299511015e-01
-1.788694987681083148e-01
-1.962519036169396713e-05
3.066986096200707834e-01
6.810863624195917509e-01
7.423437153875056538e-02
4.726149995804007631e-01
-1.198953469838670571e-02
-2.693759597605094314e-01
-3.598638897983619245e-02
2.695618945836031344e-01
-1.354647736206970876e-01
-3.717747176779084839e-01
3.004377902016130975e-01
2.505352085790946148e-01
5.754590688411553856e-01
8.635069548290630337e-03
-5.036953893977624830e-01
4.144085323787294328e-01
1.055446006148486049e-01
1.641537039631657535e-01
-1.118775116992765106e-02
6.325815888885699678e-01
-3.206422150014986983e-01
-3.409007263144303579e-01
