-2.448763370921369642e+01
-3.458086212049238384e+00
-2.399475124548189342e+01
7.017461939540226012e+00
2.357623270654585212e+01
6.275160558288916945e+01
1.974199949472676963e+01
5.653714470099657774e+01
7.334254769375547767e+01
-9.161481102637480944e+00
3.702943649841472507e+01
6.844082236057147384e+00
2.858571860997471958e+01
3.380423368071205914e+01
-1.031231477099936455e+00
1.544396582175977528e+01
5.086949749966152012e+01
5.902942575630731881e+01
4.599742533173412085e+01
2.311273192390217446e+00
2.381593731115572155e+01
-1.534090733912307769e+01
-7.136040949262678623e-01
-1.564611739013344049e+01
-2.563220732554327697e+01
-2.705313818296417594e+01
1.307898128288798034e+01
-1.557492578285746276e+01
3.959888090321328491e+00
1.064438110915943980e+02
1.067049452103674412e+02
9.314308408647775650e+01
6.257186760194599628e+01
4.005605296697467566e+01
5.057817179476842284e+01
1.214863095810869709e+01
-5.743926885770633817e+01
-1.103292379411868751e+01
1.226678614330012351e+01
1.072304075933061540e+01
3.417204425204545259e+01
4.445503873284906149e+01
1.660349880694411695e+00
2.176326233893632889e+00
2.201885581598617136e+01
2.981528268719557673e+00
3.877541166730225086e+01
5.893420166103169322e+01
1.068164929165504873e+02
1.129816955653950572e+02
5.813105963170528412e+01
4.186858859611675143e+01
2.498695175745524466e+01
4.597426595864817500e+01
-5.228193913353607059e-01
-9.498314284428488463e+00
1.165036337624769658e+00
-3.745904177776537836e+01
2.861438406398519874e+01
3.518963421811349690e+01
4.587064904626458883e+01
7.242978608701378107e+01
2.402721656835637987e+01
8.345450623892247677e+01
-3.033085704373661429e+01
5.002600664738565683e+01
3.733435733010992408e+01
4.258947228663600981e+01
6.608790135942399502e+01
7.028599793557077646e+01
4.790127786691300571e+01
3.594373083615209907e+00
-9.045706065080594271e+00
7.551884482381865382e+01
5.696534935850650072e+01
1.799680831027217209e+01
2.942988430731929839e+01
-2.229786696261726320e+01
-6.166013918118551373e+00
1.719175634207203984e+01
-1.765569686540402472e+01
8.017430445761419833e+00
1.036890535033307970e+01
2.439497802697587758e+01
7.288622146006673574e+01
5.292511195875704288e+01
9.871514339465647936e+01
1.116155326599255204e+02
3.517394361551851034e+01
2.803210009005852044e+00
-3.901796299032866955e+01
2.110864079440943897e+01
6.612465222133323550e+01
8.072379569057375193e+01
2.917735037044622004e+01
1.743649590935092419e+01
3.637663758127018809e+01
1.022453034238424152e+01
-3.258594006183557212e+00
-6.158584255899768323e+00
4.003369031124748290e+01
3.631646541180089116e+01
-1.979325679712928832e+01
-8.476397488266229630e+01
-1.573581357661169022e+01
-2.808783028740435839e+01
-2.879743806261103600e+01
-7.236039891722612083e-01
-1.774893826222978532e+01
-1.157310907728970051e+01
2.218490590166766196e+01
6.627351103816181421e+01
5.859916564077138901e+01
8.857838110998272896e+00
-1.135408092522993684e+01
7.517854101024568081e+01
3.717983054229989648e+01
3.276019560871645808e+01
-1.619235445105005056e+01
-1.093880564440041780e+01
3.072335675824433565e+01
6.403201405191794038e+01
6.359906365105416626e+00
2.158936695195734501e+01
7.430631285387789831e+00
1.325685025221901014e+01
7.917500624898821115e+01
3.620460483944043517e+01
4.243187868269160390e+01
8.301880370709113777e+00
2.940141712315380573e+00
-4.556967905955389142e+01
-9.758098167367279530e+01
-7.932823791634291410e+01
-5.377244815463200212e+01
-4.534234176389873028e+01
-9.282770042773336172e+01
-2.370800939388573170e+01
-6.990991096245124936e+00
-4.947188426740467548e+01
-3.656304761534556746e+01
-3.865638063871301711e+00
5.119217894389294088e+01
5.424817936727777123e+01
1.669174707785714418e+00
9.118733032664749771e+00
-1.269979838980361819e+01
8.944980800151824951e+01
3.217127959942445159e+01
1.111225719796493649e+01
-2.251424302812665701e+01
-1.898271875688806176e+01
-9.822033462114632130e+00
-2.437131115584634244e+01
-3.201266736141406000e+01
1.963191607501357794e+01
-4.574279955704696476e+00
-3.374357038410380483e+01
1.992852048715576530e+01
6.150091849121963605e+00
7.217148231575265527e+01
1.956789128598757088e+01
6.437169759010430425e+00
4.474948946153745055e+01
-2.197667890868615359e+01
-4.808852463611401618e+01
-1.405259172315709293e+01
-6.741825927747413516e+01
-8.286136289825662971e+01
-5.544355735764838755e+01
-4.025056114187464118e+00
-6.996960291871801019e+01
-4.914549936074763536e+01
-5.743101064581423998e+01
-1.090585101337637752e+00
-5.708559910999611020e+00
4.004420770797878504e+01
3.226799526601098478e+01
4.301156513975001872e+01
7.618602103320881724e+01
3.854527312796562910e+01
-3.755289526452543214e+00
4.230812919558957219e+01
2.689478606043849140e+00
2.899153878388460726e+01
2.190001396229490638e+00
6.449754437198862433e+00
9.729171324579510838e+00
6.055217454559169710e+01
-6.495263369288295507e+01
-3.236280463170260191e+01
3.977803862653672695e+01
6.112218670750735328e+00
-1.540431912872008979e+01
2.848905387509148568e+01
5.211243660596664995e+00
-4.264310337021015584e+01
8.050513315538410097e+00
3.278626900282688439e+01
8.821057235763873905e+00
-6.625114474445581436e+01
2.165283876820467412e+01
-5.385381155065260828e+01
-1.632273961149621755e+01
1.089052511815680191e+01
-2.289770418428815901e+01
-2.827012394845951349e+01
7.508227099606301636e+00
-4.934351090923883021e+01
-3.654952888609841466e+01
-1.591755244589876384e+01
-9.623538062442094088e+01
-1.106609415728598833e+02
-6.992000271566212177e+01
1.189721479022409767e+01
5.772018994321115315e+01
4.502220326685346663e+01
5.665743083227425814e+01
5.441515168058685958e+01
3.686241689138114452e+01
-5.295883966027759016e+00
4.542464012047275901e+01
4.641505074687302113e+01
4.068588168593123555e-01
5.283275095280259848e+01
8.501262527715880424e+00
-4.551655729301273823e+01
-2.812890670611523092e+00
4.515615728450939059e+01
9.470597433391958475e+01
2.367593333474360406e+01
-3.259572622482664883e+01
-2.104054829032975249e+00
7.381059549516066909e+01
3.988925891462713480e+01
-2.403784674243070185e+01
-2.126606523233931512e+01
-5.188316572457551956e+01
-8.564345080230850726e+00
4.158369119977578521e+01
1.268109463126165792e+01
8.247434743680059910e+01
-3.203070809831842780e+01
5.942732968833297491e+01
4.078744314028881490e+01
-1.317027454206254333e+00
1.190855437016580254e+01
6.815466349507914856e+00
2.805376061587594450e+01
-6.225594552233815193e+01
-1.721119406283833086e+01
-3.993963036919012666e+01
-1.671896825428120792e+01
-4.453924339031800628e+01
-1.238409313373267651e+02
-7.227622700156643987e+01
-7.721968722762539983e+01
2.245030191261321306e+01
4.327672650106251240e+01
5.514281656360253692e+01
5.379426875151693821e+01
5.010760287404991686e+01
5.130967838340438902e+01
4.912379881716333330e+01
1.700987013464327902e+00
9.835363016463816166e+00
5.160190630704164505e+01
8.036558028834406286e+00
2.866838985937647521e+01
-1.989465454244054854e+01
-3.634631502791307867e+01
-1.022749056573957205e+02
-8.382939995499327779e-01
-4.892845026915892959e+00
2.337713522138074040e+01
-4.913808879791758955e+01
-4.433015419635921717e+01
-4.549693767330609262e+01
8.481007171212695539e+00
5.362830052035860717e+01
2.567365299910306931e+01
-1.183473796118050814e+01
3.005561666213907301e+01
-2.061604027403518558e+01
-1.154422716354019940e+01
6.543775270984042436e+00
6.873322854517027736e+01
8.080844418145716190e+01
3.585699960240162909e+01
1.704366513877175748e+01
1.645413067308254540e+01
-3.031896994798444211e+01
-2.561491783126257360e+00
-5.807506568089593202e+00
-5.436004721559584141e+01
-2.449749081279151142e+01
-6.573165592271834612e+01
-2.621695421112235636e+01
3.560302957339445129e+00
-4.936297045787796378e+01
-5.882701952941715717e+01
-3.668534191092476249e+01
-4.175875073997303843e+01
-9.079521259991452098e+01
-8.349973359145224094e+01
2.818875691446010023e+01
4.260816422174684703e+01
4.667907342081889510e+01
6.747544830432161689e+00
-1.529348264739383012e+01
2.476407462381757796e+01
1.302333294006530195e+01
2.866621980501804501e+01
2.521287206036504358e+01
-4.362207982921972871e+01
4.207578967907465994e+01
-4.055254612467251718e+01
1.144501675298670307e+01
-4.941550287185236812e+00
1.814794359233928844e+00
-1.676126339589245617e+01
-5.114331725053489208e+01
-6.112281698733568192e+01
-5.013326153857633471e+01
-2.499734728189650923e+01
4.245528543833643198e+00
-7.204003486549481750e+01
2.506886175979161635e+00
-3.517512595863081515e+01
-3.512538023642264307e+01
-1.368819266645004973e+01
-5.672072802553884685e-01
-3.445021138759329915e+01
3.332301048430963419e+00
5.215415512793697417e+00
-3.548194217728450894e+01
9.465899893257301301e+00
7.647798338439315557e+01
3.224353713449090719e+01
-1.319762941420776770e+01
1.588197119417600334e+01
-6.477545684901997447e+01
7.700155038037337363e+00
-3.335795554448850453e+01
1.073685598385054618e+01
-9.654405403125565499e+00
-4.866074232268147171e+01
4.639252438209950924e+00
-1.038380651152692735e+01
2.004709494940470904e+01
1.568304287502542138e+01
9.651103027863427997e-01
-3.742409899132326245e+01
-1.177262893179431558e+02
-2.219004454673267901e+01
-4.752840322908014059e+01
-1.678610715316608548e+01
5.716180567105766386e+00
2.448403756716288626e+01
3.722767360159195960e+01
2.160480289603583515e+01
1.901423820527270436e+01
2.638569640112109482e+01
1.902783333207480609e+01
-5.617918941425159574e+01
1.656892709434032440e+01
-5.101965871290303767e+01
2.018213490373454988e+01
-7.711957550782244653e+00
-6.771562038920819759e+01
2.765027602436020970e+01
4.029077535960823298e+01
1.039876224240288138e+00
-1.228232576977461576e+01
-6.203450902830809355e+01
9.949854756996501237e+00
2.696457522688433528e+01
-4.159291711403056979e+01
1.905972749227657914e+01
-3.830716741504147649e+01
-3.545384970493614674e+01
6.399436642823275179e+00
1.433470606571063399e+01
-5.599853102467022836e+01
6.432930604205466807e+00
-4.304918911657296121e+01
-3.214564640074968338e+01
2.452223634463734925e+01
-9.407232937519438565e+00
1.110738412535283715e+01
5.033839988755062222e+01
4.123154212720692158e+01
-4.376782271720003337e+00
-5.879344098502770066e+01
1.587820588611066341e+01
6.676876637357054278e+00
6.772510459995828569e+00
-4.721336154034361243e+01
-2.803262759698554873e+01
-3.641857620095834136e+01
6.575993029400706291e+01
-4.156869545113295317e+01
-5.832605529576539993e+01
-6.640163064730586484e+00
5.592213710770010948e+01
4.241952774464152753e+01
3.894252586178481579e+01
-3.614060551626607776e+01
-8.736852032598108053e+01
-5.233377669355832040e+01
2.877162478398531675e+01
-9.461778972763568163e+00
-9.117278750636614859e+00
-3.077387373195961118e+01
-1.388157670589862391e+00
7.527112029492855072e+01
1.569727282912936062e+01
6.990071597101632506e+00
-1.963679278560448438e+01
3.987301170127466321e+01
-5.799830978503450751e+01
-2.545976167311891913e+01
3.087926961597986519e+01
-2.400031007709912956e+01
2.051585761364549398e+01
1.617553425603546202e+01
6.851407670183107257e+01
9.965502249542623758e+01
1.284648442378966138e+01
1.393890488543547690e+01
8.585352588852401823e+00
-2.144942118320614100e+01
-1.965847877727355808e+01
-1.950821024365723133e+01
2.695271177799440920e+01
-1.075795171345816925e+01
-1.072456507245078683e+01
5.941192284808494151e-01
3.404816015972755849e+01
1.232870772582828067e+00
-4.510484723141416907e+01
-3.301563265267759562e+01
-4.870010161539539695e+01
-1.705392060102894902e+01
-2.373062488914001733e+01
-5.301905184751376510e+01
-4.949792128172703087e+00
1.992017587326699868e+00
2.485403820173814893e+01
-1.882890501292422414e+01
3.318297967780381441e+01
-2.705122460611164570e+01
1.204263571707997471e+01
2.735531234066002071e+01
-3.986889350926503539e+01
-8.346411050297319889e+01
-2.350893555558286607e+01
-4.581685425364412367e+01
2.122058685927186161e+01
-2.766772558970842510e+01
-8.645623893244192004e+01
-3.997259773313999176e+01
-1.452708420401904732e+01
-1.410160621162503958e+01
-5.646130011882632971e+01
2.099532503052614629e+01
4.830833495361730456e+01
-2.305291855009272695e+01
-1.653589242778252810e+01
5.884059646632522345e+00
8.119859558064490557e+00
2.384205618000123650e+01
-2.414847222098615021e+01
-5.980797141091898084e+01
-5.521778075490146875e+01
4.527874261839315295e+01
8.995584721560589969e+00
-2.599038089101668447e+01
-1.035985042108222842e+01
2.319882241863524541e+00
1.908104604808613658e+01
-2.404219048912636936e+01
-4.234165680827572942e+01
-1.025615529215428978e+01
2.575741200416814536e+01
5.793931995867751539e+01
1.059098431142047048e+02
6.228397251106798649e+01
1.060872673406265676e+02
5.841983875143341720e+01
4.287736373953521252e+01
3.385037416592240334e+01
-5.040015821577981114e+01
-1.998078369069844484e+01
-6.751265027560293674e+01
-6.548148121510166675e-01
-2.827780917868949473e+01
9.842570761975366622e+00
-5.058980605099350214e+01
-4.783412077813409269e+01
-3.323616510897409171e+00
-4.089549474883824587e+01
-1.718429666652809829e+01
-2.484480501152575016e+01
2.955103263957425952e+01
-4.403619641379918903e+00
-4.371191971586085856e+01
-4.525237454799935222e+01
-2.228516314062289894e+01
-1.722368870105128735e+01
-4.499819624470546842e+01
6.220307113835588098e+00
5.274141585687175393e+01
2.836011481122113764e+01
-3.141380875604227185e+01
3.819350968115031719e+01
-7.442007336067035794e+01
-7.168902084231376648e+01
-2.878032319131307304e+01
1.210895425174385309e+01
-8.855084888637065887e+01
-2.491395753168035299e+01
-1.047769546858035028e+02
-1.247421896550804377e+02
-6.914755795150995255e+01
-2.676693657122086734e+01
9.636687536840327084e-01
-2.587907692941371351e+01
2.905889050452969968e+01
6.635542376898229122e+01
-1.490588419983396307e+01
-2.241475340269971639e+01
-4.028209150419570506e+01
3.548788299667648971e+01
4.977298885933123529e+01
-3.856877810903824866e+01
-4.546394848148338497e+01
1.853353933256585151e+01
7.923455996206030250e+00
-9.116973160416819155e+00
6.907173883519135416e+00
-7.268883928190916777e+01
-6.263230898184701800e+01
-1.320515821134904400e+01
-4.234670632285997272e+01
-1.127280120272189379e+01
-4.487703336053527892e+00
-4.967008135281503201e+01
-1.985220660571940243e+01
-2.338827107450924814e+01
3.291639950475655496e+01
6.037837010808289051e+01
4.468993574846535921e+01
1.082237213267944753e+02
5.227379006100818515e+01
4.254157465766184032e+01
6.253269384615123272e+01
-1.984597838600166142e+01
-3.258686047047376633e+01
1.436001548427157104e+01
2.665089050424285233e+01
1.051432900567306206e+01
-2.381513149884995073e+01
-4.538171560852788389e+01
-2.027091250056400895e+01
-4.670977432397194207e+01
-6.172418579808436334e+00
-4.800347232958301902e+01
-2.251076693937648088e+01
3.736607686732895672e+01
-1.323986271017929539e+01
-9.544962085783481598e+01
-2.572695848357398063e+00
-2.367546039749868214e+01
-1.556632923893630505e+01
-1.027247053571045399e+02
6.645564280916005373e+01
3.105413998127914965e+01
8.604628965258598328e+01
-1.417992825736291707e+01
-2.544235485402168706e+00
-2.326115281903184950e+01
-1.144554553320631385e+02
-2.505345764802768826e+01
-6.953172851353883743e+01
1.978564250748604536e+01
-3.243834726163186133e+01
-1.407570525771006942e+02
-8.299252658616751432e+01
-5.587621126323938370e+01
1.936324406415224075e+01
-1.556976712890900671e+01
-6.836112879682332277e+01
5.250948015600442886e+01
3.686471973196603358e+01
-5.032277840655297041e+01
-4.515416367212310433e+01
3.033009306818712503e+00
3.347637903061695397e+01
-1.495781452831579372e+01
1.630138649488799274e+01
3.219201971660368145e+01
-9.380910341860726476e+00
2.290737756993621588e+01
8.206216079997830093e-01
1.985286507988348603e+01
-6.485233825515024364e-01
-4.730840737465769053e+01
-6.488183862529695034e+01
-5.623036031465744600e+00
-2.564927854109555483e+01
2.794970714603550732e+01
2.273798236274160445e+01
-1.949356919794809073e+01
1.648007673793472350e+01
4.974682087777182460e+01
-2.012333425227552652e+00
5.044254794484004378e+01
3.022889723069965839e+01
4.978746437700465322e+01
2.866744398488663137e+01
-1.171661824628245085e+01
-4.626804002327844501e+01
1.391517798765562475e+01
6.012930316501297057e+01
-5.036074799136258662e+01
1.894307206384837627e+01
-3.190581628587096930e+01
-5.478294770000502467e+01
-4.595458813128061593e+01
-3.956546424888074398e+01
-2.422987017780542374e+01
-3.333395216031931341e+01
3.439463762333616614e+01
-6.555891013704240322e+01
-5.738555046264082193e+01
-4.550186531560029835e+00
2.716544622671790421e+01
2.976025825773831457e+01
-3.038641443708911538e+01
-1.707153160168672912e+00
5.965532909613102674e+01
5.797031917609274387e+01
1.771831739461049438e+01
5.669862730428576469e-01
-4.201068077236413956e+01
-7.473307778127491474e+01
-1.046573379426263273e+02
-5.214485281612724066e+01
-8.222476026276126504e+00
-5.491085175890475512e+01
-1.277025148738175631e+01
-2.290891643497161567e+01
1.154402161773759872e+01
4.893128061667084694e+01
2.173438042518682778e+01
-5.312881512509193271e+00
-9.028699423652142286e+00
-2.675982614164240658e+01
-3.074349297094158828e+01
-1.539387426419125404e+00
-1.885620986286085099e+01
9.675573892309330404e+00
3.067210127483122051e+01
-1.452527430956251919e+01
3.716782885021530092e+01
5.765522473666351289e+00
-4.985445048077963293e+01
7.831323273421730846e+00
1.084372433979297057e+01
6.272747123148292303e+01
8.481486474920529872e+00
-1.959485234692692757e+01
-1.699289714451879263e+01
5.714778126275632530e+00
2.233132181572727859e+01
5.191331729292869568e+01
2.609046896395739168e+01
2.279316049680346623e+00
3.557769741746596992e+01
3.107494558207690716e+01
6.902467248437460512e+00
6.081889296183362603e+00
-4.170185275143012404e+01
2.334606324438937008e+01
2.736536998781957664e+00
2.550970020820386708e+01
-7.628371531609445810e+01
3.122306588920764625e+01
-5.570830035139806569e+01
-1.409625110682100058e+01
1.077992419595830142e+01
4.782894757227040827e+01
2.155535912606865168e+01
-8.720788173377513885e+01
-6.418119301088154316e+01
6.753557499905582517e+00
-9.858650446403771639e+01
-4.540835288935340941e+01
-7.849926623748615384e+01
3.938438021577894688e+01
4.399743829708313569e+00
4.875026206718757749e+01
3.447360359132289886e+01
1.055868415278382599e+01
6.458314601331949234e+00
1.780512684490531683e+01
3.518127050483599305e+01
-3.834705421468243003e+01
-1.735655678203329444e+01
-3.914958506356924772e+01
-8.756973329582251608e+00
-4.637203528545796871e+01
-7.218270638986723498e+00
-5.485700239660218358e+01
-6.700387166347354650e+01
-7.114760956028476357e+01
-2.881810905819293112e+01
-1.723447167023550719e+01
5.342456279322504997e+01
5.235472599451895803e+00
-5.139855056768283248e+01
-4.875428567174822092e+01
-5.825654807267710567e+01
1.754324694047681987e+01
2.099922676279675215e+01
-4.954700852977111936e+01
-4.202788204565877095e+00
4.670781891036313027e+00
1.523460105090634897e+01
1.897181573440320790e+01
5.170488748262869194e+00
-8.555391104891896248e+00
1.064821408363059163e+02
2.438615047140046954e+01
1.471956875320756808e+01
-3.138019383186474442e+01
-1.762411920935846865e+01
2.900891558965668082e+01
8.270649414043873549e+01
1.081822192645631731e+02
7.837383600417524576e+01
3.112554259132593870e+01
4.808327503269538283e+01
-6.626560207223519683e-01
-2.204335578426253051e+01
5.200206942390650511e+00
5.035005415265914053e+00
2.530894926167093217e+01
-4.340064333518967032e+01
-3.992245910922065377e+01
-9.644863894209265709e+01
2.521813257772009820e+00
-6.655733614024939016e+00
2.510365811758674681e+01
-1.397310279571684077e+01
6.722837861161679029e+01
-6.741795368725433946e+01
-1.578497904120013118e+01
-1.175036231870763004e+01
-8.143017475958913565e+01
-1.040446222759783268e+02
-6.125168147264048457e+01
-4.617201193468645215e+01
4.213881766190752387e+01
3.272280446253716946e+01
4.146194260101765394e+01
5.129780402057804167e+01
-2.842372850864194334e+01
-5.513989162864163518e+01
-1.743735083437059075e+01
2.173892062273807824e+01
-2.621385647216811776e+01
2.940503509307745844e+01
5.795837932964786887e+01
3.163019209750927985e+01
-3.497036595945246518e+01
2.853514706657733768e+01
-8.920689288061112165e+01
-5.970956772216595709e+01
-3.062471296289004385e+01
-1.654767766012810171e+01
3.658939749584533274e+01
2.055778531939722598e+01
-1.251867706741904840e+01
4.745296973851509392e+01
-2.432310066069476306e+01
8.641298336442559958e+00
-6.131899681349750608e+00
4.597764927893877029e+01
-2.561150904512032866e+01
1.537611569801811129e+01
-5.618108116323128343e+01
5.104071169625967741e+01
-1.146989234257489443e+01
-2.828822834999300539e+01
4.953985626343637705e+01
5.449831951409578323e+01
4.775177876581437886e+01
-3.599235060391947627e+01
4.123381222598254681e+01
-3.147893949062563479e+01
3.538950113579630852e+01
5.757281178375706077e+01
7.972901221364736557e+01
7.812428520992398262e+01
3.656925400719046593e+01
2.851800127245951444e+01
3.657293564174324274e+01
-1.958440770977176726e+01
-3.319584357086569071e+01
-1.433536272088531405e+01
-1.103361682908143848e+01
2.684749779291450977e+01
-6.103779014665633440e+01
-5.296183735481463373e+01
-6.876174302306026220e+01
-6.697906428598798811e+00
-3.500884758977917954e+00
1.620186776563059539e+01
3.847983680316247046e+01
-4.356799036031588912e+01
-6.062870306777767837e+01
-6.253647006815299392e+01
-4.545352931017987430e+01
-6.368268805090337992e+01
-6.195288733579218388e+01
-3.648272468126378953e+00
4.678557161241769791e+01
4.512842133408412337e+01
6.996214506216347218e+01
2.610444244055543095e+01
2.505270458641462028e+01
-4.732668458018451929e+01
-8.002416143426671624e+01
-6.162175122881308198e+01
-4.102336242794990540e+01
-1.100324880098924041e+01
2.878236045944504440e+01
1.106014751712791622e+02
3.395536623429507017e+01
-2.953656439785845578e+01
-1.291545686399331316e+01
-1.529561268398538232e+01
-4.359417289379052818e+01
-1.817245538404677063e+01
4.312846158427419141e+00
6.089334419812075794e+00
1.516194242867641151e+01
7.096140325302258134e+01
3.702691174112260342e+01
2.608822796901222318e+01
-1.827203959692269564e+01
-2.091374881274532527e+00
-8.123076258925721049e+01
-1.852954483183566481e-01
-3.434810787439346313e+01
2.933702853624708951e+01
7.116382766980677843e+01
-3.086144351982511580e+01
1.531077941763214767e+00
2.265411603730171919e+01
4.850840196013450623e+01
4.733343303087167442e+01
-1.669648008828517050e+01
-2.467317426635418087e+01
3.678652137750759721e+01
2.827474600053392351e+01
4.747908678837120533e+01
8.932466880651190877e+01
5.271199188427999616e+01
6.045437658031005412e+00
6.431560905184596777e+00
-5.010814129491336644e+01
-2.366801345488056540e+01
-3.539562021614983678e+01
1.267909465241245925e+01
7.199129322543740273e+01
-1.167321534012444317e+01
-8.374279786949045956e+00
2.936657438112888485e+00
-2.569951175246387720e+01
1.287137547478778288e+01
4.969762812834233046e+01
-6.478369869000744075e+00
2.008354204008355737e+01
-1.290359650738537312e+02
-4.112588794669136405e+01
-2.151471380784641951e+01
-6.509300874313339591e+01
7.940507930470630527e+01
1.305631303694099188e+01
4.377294317237101495e+01
2.324286106158979237e+01
9.928979852702468634e+01
3.680829104268923402e+01
-6.488218059530481696e+01
-1.374259954900480807e+01
-6.498315633507445455e+01
-5.159909051144495606e+01
-5.718681495636701584e+01
-3.911438034265302122e+01
7.209139585029333830e+01
8.091673953458666801e+01
-5.888489249628037214e+01
4.859448381466791034e+01
2.904974826378747821e+01
-9.951600077329203486e-02
-2.335986209800466895e+01
-5.747544491896405816e+00
8.671053365105763078e+01
5.957487519481219351e+01
4.947595516568981111e+01
-9.778648745850659907e+00
6.403421139111742377e+00
5.706121373805217445e+01
-8.029771379369776696e+00
-7.721959991613402963e+01
-1.561279168527107686e+01
-3.217896301066502929e+01
-2.473787935741711408e+01
4.319186700740829110e+01
6.216166366357356310e+01
-3.133634891128167510e+00
2.737360773608088493e+01
7.352094689849764109e+01
4.488052945816889405e+01
4.227230965625494719e+01
4.525693657342344522e+01
-2.480210423527751118e+01
3.929392551071941853e+01
1.431014425179455429e+00
5.237750883679836988e+01
5.321548087522387505e+01
5.242090992396697402e+01
-4.829105819226242602e+00
-2.109925117110833526e+01
-6.639360071858391166e+01
-1.351831542706349865e+00
2.783949094009585679e+01
-1.533425347588490695e+00
5.050765321357175708e+01
1.891401552711613476e+00
4.097967030247673392e+01
2.109082743118051440e+01
1.062164301401935518e+01
1.652204446145333350e+01
6.172458961373195052e+01
2.107951877405866981e+01
1.020962736220099032e+01
-4.615816578734666109e+00
-3.608402039390057325e+01
-6.479083094745874405e+01
-3.825627936748787761e+01
3.361546987434849143e+01
1.200889164465479553e+01
-3.927867510356009007e+01
1.284352947550360113e+00
2.612735443108249456e+01
9.533888078294694424e+01
3.110757097601890564e+01
-5.163553396414499730e+00
-1.245984094566665590e+01
-6.074569682823494077e+01
-8.216330752475187182e+01
-4.830453326576389372e+01
6.939813465578481555e+01
5.704574141418561339e+01
3.136881787213496864e+01
-9.985509677790105343e+00
8.704389983904547989e+00
-9.757031875778920949e+00
-2.186575147788971663e+01
-1.995144884858746082e+01
-1.183806671178899705e+01
5.970309939584694803e+01
7.137242937460541725e+01
6.948213922441937029e+00
-1.255607276107184589e+01
2.959604898933321238e-01
2.212341132690198720e+01
-3.708388248924165964e+01
-1.684903509158175439e+01
-1.667406286287587136e+01
-1.272609733860008419e+01
1.570157564856344834e+00
1.075184118235483766e+02
-1.739580693538300693e+01
-2.901584593928419054e+01
-2.847496034519281238e-01
5.422871981863863766e+01
5.937716196058318019e+01
-1.293390596401877701e+01
-6.556768312293570489e+00
-3.189250264767906629e+00
-1.791019712982233614e+00
6.354889774229377508e+01
1.012615684885531664e+02
2.358815436309669167e+01
3.898466729879146442e+00
-5.610971493297256529e+01
1.344948850601213053e+01
-2.047173802566248924e+01
-2.170746301999315619e+01
1.530757072032429278e+01
-1.677834188740234822e+01
3.425042450544424355e+01
1.797675577108748257e+01
8.559918569517321885e-01
6.226076220627874136e+01
1.963306021934840828e+01
5.432845136965624988e+01
-8.496486771036870778e+00
-5.893039542570477352e+00
7.684955562581308186e+00
-4.549273944576270878e+01
-1.832450288929976523e+01
-4.236657696310430765e+01
8.727183012524619699e+01
5.789299393654800951e+00
-2.622801366669591516e+01
-3.831976209767162800e+01
-7.280073077708948404e+00
9.181334462482482195e+01
3.405259485589340329e+01
-4.430812259670346975e+01
-3.866603947244584560e+01
-8.200698357541114092e+01
-9.068197687156498432e+01
4.222005372866988182e+01
1.609138962521683425e+01
2.398843435003072955e+00
9.089353625313378870e+00
-3.127642776235006750e+01
-3.120184555882588029e+01
9.027737178257666528e+00
-3.882238888763822615e+01
3.904126060660928488e+01
-6.755019421689212322e+01
-1.394787432218436152e+01
-2.280963963130488992e+01
-2.088937981170602143e+01
7.806200301274657249e+00
-1.775284545146860182e+01
9.398845577379688621e+00
-2.721131204452831298e+01
-2.045482324319891632e+01
-4.686407919507473707e+01
-4.770815212395973504e+01
2.132886947947554290e+01
4.346659989096224308e+01
3.159721018164418638e+01
2.393337126704864204e+01
-1.139680898631922901e+01
-3.047226709895767272e+01
-2.034025237662717700e+01
-2.102857251884415746e+01
-4.489234197535552084e+01
-3.331763218739069998e+01
-9.104423952521756291e-01
3.269119770266115665e+01
7.292004011105746031e+01
6.929706432856619358e+01
4.376068318379111588e+01
-1.413141035300213844e+01
-1.523221453680889681e+01
1.567188883200287819e+01
-3.337352973176166415e+01
-6.011451660015154630e+00
1.145329224527813494e+01
-5.914944267715327442e-01
3.569735417841002345e+01
-2.818687426042743027e+01
-1.792035254766233265e+01
2.420790224277880043e+01
2.368010427744593471e+01
-4.210227780276909471e+01
-1.456719110137782991e+01
-5.231311661191284657e+01
-4.694420567830093205e+01
-1.582911318109836429e+01
7.712715159868821502e+00
-7.580551027785986662e+00
1.152873082901351154e+02
5.352870175556745380e+00
2.121891157003119588e+01
-4.725142207462340593e+01
5.178344508749432862e+01
7.360879681073129177e+01
1.561424323881510645e+01
3.604533048928715289e+00
-9.813174983719363809e+00
7.447306415997445583e-01
-2.626551940920762718e+01
3.459971776464954019e+01
5.238888843450695276e+01
7.357676804531365633e+01
-8.250005521404091269e+00
-6.707018474116921425e+01
4.235949745634570718e+00
-2.852062607416883111e+00
-2.192386273236479610e+01
-4.256690226611681283e+01
-2.494869477231986821e+01
6.717143151035998017e+00
2.771067374851554632e+01
2.232690167147666216e+01
-1.982923640753142536e+01
6.947493602638132870e+00
-9.559133468428626657e+01
-6.048081559129059315e+01
-2.065367516479454935e+01
-4.131973400944843888e+01
4.560775050777010620e+01
3.684299008455127478e+01
-1.619539034436456859e+00
2.739288902375847101e+00
-2.164835132134612650e+01
-1.957410495379008353e+01
-1.027166799758560956e+02
3.687240678118541837e+00
1.259816599485930055e+01
3.104192001046612859e+01
-4.361198080005124211e+01
2.050459443125873804e+01
8.869305747793987393e+01
2.553537888161372393e+01
2.657404365891125053e+01
1.711943514237646013e+01
1.434740170225268230e+01
7.579194971185643226e+00
-1.397079176967963576e+01
1.114039696403779089e+01
6.862744339741766453e+01
1.161039108410477638e+00
-6.926275091245770454e-01
-7.354710760409943759e+00
-7.532957533840090036e+01
9.781892003957182169e+00
8.187178173102438450e+01
-2.211237551819067448e+01
-3.174106677761301398e+01
-3.114097853540442884e+01
1.057317058439366519e+01
1.073497287507052533e+00
-5.985354437143541873e+01
2.946574568341020495e+01
-9.421608410775661469e+00
3.520260361256077886e+01
2.551745274104177952e+01
3.231263326597400010e+01
1.062019146047532558e+02
5.068833343102596700e+01
4.152441397309303284e+01
4.075427932548336685e+01
-8.846548553265165538e+00
-2.256575862702447921e+01
5.809668073197826743e+01
4.446971433935686946e+01
2.565288014011457562e+00
1.098969005397520959e+01
5.317505929269827902e+01
2.932928327936679125e+01
2.848121584975160658e+01
-9.202049113810062408e+00
-2.460056566633284092e+01
-7.266714237630367279e+01
-2.400264565949328244e+01
4.081962833879515529e+01
-7.238363650685641915e+00
9.420855349162593484e-01
-1.879189585451968014e+01
-5.450466778711415827e+01
-5.599431824521161616e+01
-3.023496901732869446e+01
2.017713995883241296e+01
-3.428694981266744435e+01
7.302405720110982656e+01
5.727821189793758094e+00
-4.735852598969358951e+00
-5.117799446452409029e+01
-1.046339093591086566e+00
-6.607400428038090467e+01
-7.483796071028336883e+01
-2.238493834738619626e+01
7.121985163394128904e+00
1.919029091368429363e+01
1.002826502372045070e+01
3.542736885719932616e+01
5.677660374203696847e+01
9.887066880764905363e+00
1.781611899787094444e+01
-2.067962122964672744e+01
-3.686326090246438980e+01
-2.331400173716247082e+01
5.335063178790733218e+01
-7.229275070130825043e+01
2.817732820403762162e+01
1.920993054227437824e+01
-7.638229362783022225e+00
-5.279257493384648114e+00
-2.847883297363296151e+01
1.938245623023249209e+01
-5.369241080188658088e+00
-4.298512067180126905e+00
-8.425181476923171431e-01
-1.921911007229937240e+00
-4.018029358121566474e+00
-5.337798575055785477e+01
3.181799911544658244e+00
4.833294951822608709e+00
4.834800347452983260e+01
3.683261456899344921e+01
2.985789978993125260e+01
5.086846431368030608e+01
8.323979272972792387e+01
5.048905222793109715e+01
1.548867294332012534e+01
6.079778540879487991e+01
-2.382406091783195734e+01
-7.582693797303363681e-01
7.490420830436050892e+01
7.877198368078097701e+01
3.363341602380387485e+01
1.425037680746754631e+01
1.662075737840496004e+01
7.694557280046865344e+01
5.199192673899233341e+01
6.638268678216263652e+01
4.389733658172190189e+01
-7.137370994314551353e+01
-3.567730891518294811e+01
-1.821229670895263553e+01
2.093693910865113139e+01
4.578319931169971824e+00
-6.494876288343220949e+01
-2.377690543653443456e+01
1.800867175916209817e+01
-3.801180719165131450e+01
-7.450974953826516867e+01
-2.936264718300662935e+01
7.693927727814298123e+00
1.918837369885295630e+00
-3.275899143773131073e+01
-3.021630436705891043e+01
-2.163805402233265340e+01
-7.110414298949763179e+01
-9.097984002437442541e+01
-6.306807335931807756e+01
-7.250858743645949289e+00
4.523146344581618905e+01
4.053630618727765977e+01
5.921701449551619589e+01
5.109698759042657912e+01
4.679055564338341355e+01
2.780829527182504535e+01
-4.149828964727930725e+01
5.885657083126716316e+01
4.624969733413308859e+00
-2.488215977791696787e+01
-3.179545819875784218e+01
6.271787424338981509e+01
-1.987100404221564531e+00
-4.340980376582592726e+01
-6.435333489207550883e+00
-5.425014387583360076e+01
-1.431461896572727710e+01
-2.595811747596599162e+01
1.235916670339065604e+00
5.702106136595830321e+01
2.292692806804552674e+01
-1.222175342263653874e+01
2.186756319133564830e+00
6.379568367265164852e+01
2.515163032512646168e+01
6.011434379615820944e+01
6.335050420602783561e+01
-1.691109901003073901e+01
-5.815255281049758196e+01
5.838942161062732339e+01
4.463880031835287809e+01
5.220356979407370090e+01
-8.088361937552690506e+00
-2.528234836063347757e+01
1.657906614127568901e+01
-6.156767994980327785e+00
6.073260010452941060e+01
1.254135859198868275e+02
9.568000677973031998e+00
1.360439055133610964e+02
2.673492599569726735e+01
5.066741869086399674e+01
7.851574628148227930e+01
2.248915188829414546e+01
-2.993126327055506408e+01
-1.166690617537824437e+01
9.013019734993577003e+00
-2.247929478471633047e+01
7.155555977078620344e+00
-9.991804108722135425e+01
6.415527604985982180e+01
4.900923522654920816e+01
-2.693295755307190120e+01
8.660976163810119033e+00
-2.182372554671019316e+01
-4.128985892748460174e+01
-3.345708137203473598e+00
-5.726384551962837577e+01
-1.149408635683357716e+02
-9.187281830236315727e+01
-1.061449511325918138e+02
-5.184160545468330383e+01
-9.414152737008407712e+01
-4.223643918521702290e+01
1.767061075952369720e+01
6.418788689188659191e+01
3.170454874634742737e+01
8.572211663704365492e+01
4.620375693775713444e+01
7.181400724221020937e+01
-6.645024404861032963e+01
-6.397866673069074750e+01
8.382235137105453759e+00
-2.146766928490251303e+01
-6.234789907466620207e+01
-1.734497163852211088e+01
4.648330650525167584e+01
-2.347630652366206050e+01
-4.449489642865955830e+01
-8.650872587168123573e+00
-2.837241481756791472e-01
-1.907582372950855643e+01
-2.623741056595463306e+01
3.538897726684808731e+01
3.016952541656792164e+01
-4.320586231187917292e+01
5.226864595897495747e+01
5.629209044855087996e+01
2.849121665349230170e+01
7.638829993084073067e+01
5.465946742333471775e+01
2.063132887997198850e+01
-3.032795757462736219e+01
6.388485780917108059e+01
1.359997986583039165e+01
4.006300514447502792e+01
1.808580782380886376e+01
-7.714144157944247127e+01
-2.501759809092618525e+01
-1.838410025811754167e+01
6.520890747196972370e+01
5.577327101491391659e+01
5.294356378726661205e+01
6.294582999544218183e+01
8.740248449612408876e+01
3.641764487838372588e+01
1.315494009759277105e+02
2.060550104943104088e+01
-8.052618795773014426e+00
3.654347892734222114e+00
3.599494084483012557e+01
-5.799873179057613015e+00
-8.879975939635187387e+01
-3.748229210032150149e+01
-1.514411633252166212e+01
5.464388232212513685e+01
2.762501389952376485e+01
-1.535473893454764038e+01
4.026935857837088406e+01
-6.832393410149961710e+01
-4.310348231228999794e+01
-4.527247710939263925e+00
-6.099302117945626378e+01
-7.787791400915011764e+01
-1.231413480127230287e+02
-9.018645505420863628e+01
-8.706153312232345343e+01
-4.073099262313917279e+01
-1.627006167836952955e+01
-2.940941612905589864e+00
3.555396324372850358e+01
1.387232259730808437e+01
2.813055834849365056e+01
-1.938682544277980924e+00
-4.360064849606715143e+01
-5.148986019776202738e+01
-2.011031392612494528e+01
-6.290859164437279105e+01
-3.502823892631568015e+01
6.922430475242435932e+01
-2.733282963163219392e+01
-3.108452801825478673e-01
-2.814341678458731622e+01
-3.317383016110397875e+01
-3.981144254794344306e+01
3.779401959036476910e+01
5.416263229562900960e+01
8.763087680563330650e+01
4.583380723488517106e+01
-1.248246189788915217e+01
-1.203379042635788210e+00
3.412360092625021935e+01
6.507700891233980656e+01
9.400183625984936953e+01
3.076956272707320750e+01
-3.876343180309049785e+01
2.539690103731118143e+01
6.182292054290883243e+00
2.954991941805928946e+01
-1.153040739154675975e+01
-3.969081080867908895e+01
-5.556752876145765185e+01
2.479956310708075762e+01
6.178232433740049601e+01
8.821385563351213932e+01
7.773964171065017581e+01
4.883459769189357758e+01
9.361891716253012419e+01
2.667621265572961420e+01
5.812297604279592633e+01
6.491569365607574582e+01
1.110207813326269388e+01
-4.315457772463560104e+00
3.468036447884514928e+01
6.261747330427169800e+01
-3.781346094910986722e+01
-4.746343256556428969e+01
-7.558246579719707370e+01
3.265628765802830458e+01
4.360360981081612408e+01
7.277134500327520072e+00
1.926959521370008588e+01
5.621822310786228627e+00
-4.523831375990994275e+01
-2.733272367549943738e+00
-2.710254557314328849e+01
-3.565860242815688252e+01
-1.099826768040657043e+02
-6.593194848392158747e+01
-9.908083302434533834e+01
-5.029106432630214840e+00
-1.753080505295656621e+01
-9.075093839783221483e+01
-6.010806828271597624e+00
1.597364644112531096e+01
3.905120684066787362e+01
3.687336356961168349e+01
4.643866122933104634e+01
-4.485104727791622281e+01
-5.248848538030870259e-01
-1.620526063561555929e+00
1.918857014970853925e+01
-8.305604569613933563e+01
-6.644835229963064194e+01
1.551380955788772553e+01
1.811133915907703340e+01
-2.609757211757823825e+01
-4.750074367620982230e+00
2.132950066879857332e+01
5.159020656719803810e+01
3.390096026123501360e+01
1.072759623639285564e+02
4.755718327942304313e+01
-5.330345447873696685e+01
-5.687089287675917149e+01
5.854810297023504972e+01
9.492033132119104266e+01
5.438059088191948831e+01
5.146900730323977768e+01
-1.145771238952875137e+01
3.165752059430815279e+01
-1.281840195588301867e+01
-2.126840263372287154e+01
-1.484058338974136859e+01
-3.449428550084121525e+01
-5.515135126188397408e+01
1.609604441910050809e+01
4.208445170661434531e+01
4.365171116660349071e+01
6.331702752504497766e+01
8.908321615308523178e+01
1.342970354016870260e+02
1.476780162192881107e+02
5.722276182495988905e+01
-4.275593710190150887e+00
-2.845163908204995096e+01
1.984317714232020080e+01
-3.119673056062310934e+01
3.725508577190339565e-01
5.141702786204405129e+01
-4.734503090730868280e+01
-3.677838685689494014e+01
-3.316142829135060310e+01
5.231185423326678574e+01
4.688729677582159638e+01
5.059182149125263095e+01
-6.229375139810144901e+01
-1.501411315985023975e+01
-7.311984518310055137e+01
-1.584033270773943514e+00
-5.493737262440845370e+01
-3.801117782131768763e+01
1.067934681486804038e+01
-1.843585778260603547e+01
-4.559208537102676928e+01
-2.106578540406189859e+01
3.853994712699204683e+00
1.499198842793703079e+02
2.320116982446052134e+01
5.250351387076079845e+01
4.661065031541511416e+01
-2.947593384305946529e+01
-2.970324203488416970e+01
3.145254231640137732e+01
7.449403710779733956e+00
-3.856174589600414038e+01
-3.203337837476283312e+01
-3.522292900015600026e+01
1.907564364955760539e+01
-6.864911847515031695e+01
-2.453494744258932769e+01
-3.081434988416731358e+01
7.053342415019869804e+01
5.209776281844824553e+01
9.675462206359952688e+01
8.872032049112021923e+01
-4.885409362032078207e+01
-3.944754098483826965e+00
2.734621921263169497e+01
4.690505011240020394e+01
1.062656374415382743e+02
-2.777348527160938829e+00
1.487304143665824085e+01
3.823074803221970797e+01
3.560125333024188876e+01
-7.480992644559592009e+01
-3.658240166259929538e+01
-8.787424121692311019e+00
-8.725801308173686266e+01
-6.460363510996103287e+01
6.107883382355794311e+01
3.091872713412158191e+01
-2.022631633735727519e+00
9.763541311258450150e+01
8.930358308134600520e+01
8.366390102310106158e+01
8.206599159166216850e+01
4.011516648461110890e+01
1.118937507271766663e+01
-1.102196438296232373e+01
1.913192863867152482e+01
1.024577795760706067e+01
1.609327227924950421e+01
-5.119775232742540538e+01
-1.197167730424553156e+02
8.679653547005727887e+00
-1.919146825457573868e+00
9.514250268694013357e+01
4.852286292589269578e+01
-6.600591405003797263e+00
-8.630933007225394249e+01
-4.414239447214640677e+01
-8.204948971979320049e+01
-3.240349906263872981e+01
2.725519698287826031e+01
-8.251608960563316941e-01
-2.503787618479691446e+01
-5.093436629977077246e+01
-3.345377263030968606e+01
1.304027864534873515e+01
-8.260356480604968965e+00
1.119731896324083209e+02
1.375125430058687925e+02
3.560580444172956049e+01
2.292523822688963264e+01
-1.639363472349941730e+01
-4.162238838034681976e+01
-2.909592330979648978e+01
2.997775300173088908e+01
-1.229173631145386025e+01
-4.740714939543977380e+01
-5.248112211120314896e+01
3.891121195920277387e+00
-7.411913975374773145e+01
-3.206832479918375611e+01
3.364611620781943202e+01
2.748761471593752503e+01
6.280517118284478784e+01
6.894987018313258886e+01
5.235436401562765241e+01
9.216900070896372199e+01
1.520089517725864425e+01
-1.435709236830007285e+00
1.123242691392078996e+02
4.667573375627398491e+01
6.434982788050547242e+01
8.413667092099785805e+01
5.118898479850031435e+01
1.049278216669335961e+01
-4.584587804856710136e+01
-7.613039633724838495e+01
-5.606470222119241953e+01
-8.259376045316457748e+01
-4.620332765625789762e+01
-3.784853834076784551e+01
-2.596166268631350249e-01
2.951295391540043056e+01
3.544457285897806287e+01
9.586091618984937668e+01
1.012631109915673733e+02
6.571796984644606709e+01
5.615351983578875661e+01
9.324421989731490612e+01
-1.128900839830748737e+01
2.974614289996679872e+01
4.081182123627513647e+01
1.301422526012174785e+01
-2.971833509946009144e+00
-8.151071233442053199e+01
-7.537689816672354937e+01
5.472490738611668348e+01
4.883297879132442176e+01
2.359260179218836129e+01
-6.199216295499354601e+01
-9.629874693928286433e+01
-1.481389044784009457e+02
-1.254317467100918293e+02
-9.979255992220714688e+01
-2.637429861351847649e+01
-9.641661563364323229e+00
-9.498491999693214893e+01
-7.773906690999865532e+01
3.876144910464063287e+01
1.551802415633574128e+01
4.350452945800498128e+01
8.475604408886283636e+01
5.361122748581692576e+01
-9.155593033938203007e+00
-3.701640525832772255e+01
-4.859628097619861364e+01
-6.979703175602480769e+01
3.102322807535529137e+01
-5.214633347350172698e-02
-5.038889503339305520e+01
1.037085621646838263e+01
-1.023079039441654459e+01
-9.838539699558168650e+01
-6.589460826944559813e+01
-5.353310370992403477e+00
4.705769970314577222e+01
5.693351704394444823e+01
9.050469088833779097e+01
5.437477739178575575e+01
4.395069117890670896e+01
2.207198849646374583e+01
-1.438396884623216465e+01
5.284191138343885541e+01
8.131827780744060874e+01
2.792811937979422510e+01
-1.541244273539632559e+01
7.317823474295437336e+01
6.509064405690878630e+01
-4.212271960568614304e+01
-4.409944085637107491e+01
-1.183785061584785581e+02
-1.056159235304221511e+02
-1.175641955342143774e+02
-1.292154483962804079e+02
-7.445571827702224255e+01
-2.328680238861124963e+00
1.189100657938979566e+01
2.453183878969866782e+01
8.610892109572887421e+01
1.057542394846677780e+02
2.536951797083020210e+01
6.642968219239264727e+01
-2.912855052272789180e+00
4.315001569921150804e+01
5.198287908569909632e+01
-2.586760092526674271e+01
1.225412233907263726e+01
4.612521479430142790e+00
-9.301464160671457648e+01
-2.107749423885252327e+01
5.465883805300109088e+01
5.094192601973190904e+01
4.657714453060179949e+01
-1.122443718486465514e+02
-2.099325647577643394e+02
-1.535527117084711790e+02
-1.094565013772808015e+02
-6.205856334418058395e+01
-4.007984171039424837e+01
-3.995836232206784189e+01
-8.382734813494607806e+01
-1.204770669573917985e+02
5.145672548678703606e+01
7.853171155147720128e+00
-6.658840902673546225e+00
3.834626113530248404e+01
2.981293073389679193e+01
1.424249512638198212e+01
-1.867800892796367407e+01
-4.481117139221169055e+01
-1.328027974523138255e+01
-4.097798591828905046e+01
5.975942258373834193e+01
-1.444601366529241204e+00
-5.022360710427165031e+01
-5.417313877842389047e+01
-5.737938772654160857e+01
-7.572877075290307403e+01
5.210021754464833066e+00
-6.858508641016669571e-01
5.337155744200572371e+01
9.765009963302873075e+00
7.270349306054413319e+01
2.951430360553786159e+01
1.877860995591618121e-01
1.637721834413241595e+01
1.874436202342621982e+01
2.941905950137879699e+01
3.154857949994038790e+00
-1.727761446090880781e+01
1.424336915079038590e+00
2.894951103371568024e+01
8.417954086326062679e+01
7.014967650320613757e+00
-1.241577556356787682e+02
-1.136812352342531085e+02
-5.154111204319633543e+01
-1.205435473821125925e+02
-1.720044965622946620e+02
-3.052057945751585066e+01
3.463442408246919513e+01
3.873041714541614056e+01
9.134922584053128958e+01
9.698957728687673807e+01
7.260455458890646696e+01
5.045169018558226526e+01
3.990931872976943851e+01
1.727151175145991147e+01
4.731501394417136908e+01
7.974372419994324446e+01
3.099006789852865040e+01
5.599417818302754313e-01
-8.911784243537113070e+01
-3.986953743151389062e+01
5.993891591060673818e+00
3.591536369640380144e+01
7.373521384579362348e+00
-4.670975249609909952e+01
-1.606578734936192632e+02
-1.465191016905009747e+02
-1.628414902370423079e+02
-1.727291091810911894e+02
-1.098923967219889164e+02
-7.253858348121866584e+01
-2.059242615359835327e+01
-3.436524275457486510e+01
-2.745866004261188209e+01
1.003331726678879932e+01
6.904308975208550692e+01
2.338346894248388708e+01
8.092868665698915720e+01
5.356665496947243810e+01
-2.244666393380612135e+01
5.337536094884853810e+00
1.346843328065006062e+01
3.109699173364788294e+01
1.308272112510167062e+01
-4.822200571652501822e+01
-5.063122807769104838e+01
-6.531241524498909712e+01
-1.043107404257170856e+02
-4.328131763031706214e+01
-1.662343129282817245e+01
3.732843833859078586e+01
2.495878652553074062e+01
4.114890180062502623e+01
6.706662679789587855e+01
1.487035478930920362e+01
5.911268544878112152e+00
4.091258233529515564e+01
-5.665103162755258381e+01
2.703904101508669555e+01
-2.563096313679125160e+01
-8.999394594866316766e+00
7.353264663834124804e+01
3.931460742023773491e+01
-3.063995791308116168e+00
-4.864285074290819466e+01
-1.350957463728263974e+02
-3.604025550885125995e+01
-1.275671966141089797e+02
-1.182991254609078169e+02
-7.206627924460917711e+01
6.660875442321412265e+00
3.551460395101457834e+01
3.454001125646755099e+01
1.224449515575543046e+02
5.356584370019845665e+01
4.847365562454797328e+01
7.566196291008964181e+01
3.453309182077646255e+01
1.138587686000391841e+02
2.398896685917861760e+01
6.674527685390785336e+01
3.446445771260187030e+01
1.014407462207600474e+01
-6.695997581118717790e+01
-8.522944699507206678e+01
-6.255698099266737700e+01
7.619196549057960510e+01
-3.714735430548898876e+01
-1.184538559755310416e+02
-1.278782146982848644e+02
-1.769207883626222610e+02
-1.190980838146060705e+02
-1.257582916878163815e+02
-9.577716991771012545e+01
-4.843491842621006072e+01
-4.975174670107662678e+01
-1.450539639336057007e+01
-2.585395122878253460e+01
-5.581575169344432652e+01
2.671783659025095403e+01
1.018804396153427660e+02
3.558296521077863872e+01
4.359188824309967458e+01
7.580814417451620102e+01
-2.117147596436552703e+01
1.279334355785977095e+01
-4.016588354716077447e+01
5.329241503204684705e+00
4.301247827243059874e+00
-1.051644721883349121e+02
-5.395596599555574358e+01
-4.531218291958793998e+01
-8.068451279541477561e+01
-3.934544656658545136e+01
2.520074122003279626e+01
2.841205423464998603e+01
4.822530172532424331e+01
7.467222167178988457e+01
9.768645395524799824e+01
7.940598152345046401e+00
-3.459646904957480729e+01
-4.141789395362138748e+01
3.420911525608971715e+01
-2.748579390754457563e+00
-2.175537338189315051e+01
2.820469671860337257e+01
-1.149387480836594477e+01
6.075816418160684407e+01
-1.018418515741359442e+00
-8.421824895776808262e+01
8.996066753752529621e-01
-1.345430500805377960e+02
-1.206231027026660740e+02
-1.408217794960364699e+02
-1.721765693218912929e+01
2.788172787404619157e+01
-1.306267768086399883e+01
4.240941052557900548e+01
-1.231183887284714729e+01
3.132094570901244879e+01
7.089707651175558567e+01
1.033148582791909575e+02
9.677979687694460154e+01
1.033883163472637534e+02
6.115806900197640061e+01
-1.873675319075118750e+01
1.595382309460546821e+01
-5.014675116399303079e+01
-4.316163904150016606e+01
-4.089356662007048726e+01
-6.585310620721429586e+01
-4.529931175056844950e+00
-3.484480475890450180e+01
-7.975257904035970569e+01
-1.299329742323607206e+02
-1.207321765832602978e+02
-1.392560807289555669e+02
-1.226441527251154184e+02
-1.248499320354312658e+02
5.450346179713960737e+00
-4.122907557757571340e+01
-1.379734112560981885e+01
2.018731538555584848e+01
1.050573846441693604e+02
9.102760668611153960e+01
4.775104753207415342e+01
6.090557144489139318e+01
-1.159061321232002228e+01
9.631489774619694799e-01
2.113089249178301543e+01
-8.003156835911795497e+00
1.679120941844303161e+00
-7.808178634149953723e+01
-1.141939064837060869e+02
-7.177738007158041000e+01
-6.605445378227159381e+01
1.328987673332449049e+01
4.204145079711452127e+01
4.330006413511000574e+01
9.657756891101598740e+01
9.737421351019293070e+00
6.512567051686346531e+01
-1.293893728870898485e+01
-4.666399399866349995e+01
-4.829736280953511596e+01
-1.169405004475265741e+01
3.136340819764882326e+01
-5.548993794945999980e+01
-1.514745508757187054e+01
2.627038338687270880e+01
4.720144715975038707e+01
2.550923090893775225e+01
-6.337457307381555438e+01
-2.273945938213728368e+01
-7.646336598554626107e+00
-1.163236884167417884e+02
-8.491809421684592962e+01
-6.783886783523485065e+01
-1.117088686442002654e+00
-1.918054840643890202e+01
3.930545790353789926e+01
3.328733146190643311e+01
3.053619366255588830e-01
2.352519186388235539e+01
3.182374712196178734e+01
1.164889254141598940e+02
9.991529805120080709e+01
8.225196506828069687e+01
5.616286944132298231e+01
2.778448833851143718e+01
-9.904031685437075794e+00
-2.143088204320520163e+01
1.883959521364886314e+01
-4.914994133287109435e+01
1.451376738259568810e+01
-1.003079523798078299e+01
-3.425463728490285575e+01
-7.438097964040935040e+01
-1.327063655480742455e+02
-8.928569877753034234e+01
-8.332694415003061295e+01
-8.885639545042067766e+01
-7.526752597186714411e+01
-7.250541239045560360e+01
-6.129045505076646805e+01
-4.146208812016993761e+01
2.562500412750523537e+01
4.751016240334138274e+01
7.930670108180493116e+01
3.188306072843261063e+01
7.038764306344091892e+01
1.736071317282039672e+01
-3.061447205254808068e+01
5.385913027566857636e+01
1.397844062012154609e+01
3.768892929656431079e+01
-3.010793807334266603e+01
-6.426691834349185228e+01
-7.975329936016350985e+01
-8.687276022101286799e+00
-1.797434197214897722e+01
1.299823270528577268e+01
6.667324487352743745e+01
8.055775833781808615e+01
9.061408491106703877e+01
2.082666287606116384e+01
1.888494807644747198e+01
-4.249488847563043237e+01
-3.302368349977768958e+01
-6.141981430118903518e-01
2.836898602254223078e+00
-6.449815555242821574e+01
-5.610576045000925660e+01
6.919181032571941614e+01
-1.205245007440680638e+01
7.443386493832804263e+00
-6.210210267454385757e+01
-2.220359237981028855e+01
-1.126311417465331033e+01
-7.283230661414563656e+01
-8.029922901187092066e+01
-3.555959119694307446e+01
-2.056565062957815826e+01
-8.221124880947172642e+01
-3.933190600946545601e+01
3.076118446188047528e+01
4.645659646485000849e+01
5.609738582279533148e+01
3.699524313560687006e+00
6.094775380915962160e+01
1.075414329534396529e+02
5.563782906392589211e+01
1.121617169701494277e+02
7.874592847656458616e+01
7.849262328818440437e+01
3.883059616782702506e+01
-2.870889875339344144e+01
9.790246622287668288e+00
2.872286131605505943e+00
-3.858266791212372482e+01
-6.773581844754517078e+00
-5.184111432754434645e+01
-9.197958570439368486e+01
-8.956328383646905422e+01
-1.388613691233331338e+01
-1.125652925111353397e+02
-7.100826769601553679e+01
-4.719824937637895346e+01
-1.548777800053358078e+01
1.040613369696075097e+01
3.663013194454833865e+01
6.127182132331654429e+01
8.388324204133823514e+01
-2.027924347203224897e+01
-7.287608241313137114e+00
-2.379954094067215919e+01
2.860898894141428173e+01
7.279078999999910593e+01
5.872883775737136602e+01
-4.153072950430214405e+00
-2.197316689489525743e+00
-3.932110121240839362e+01
-5.127784606884233654e+01
5.393576429923996329e-01
-1.240116125700296834e+01
-1.987780706258490682e+01
5.944057193119078875e+01
2.612693788250908256e+01
-1.845920269261114299e+01
-2.039849277934990823e+01
-2.140388460247777402e+01
1.477053319831611589e+01
1.392658668919466436e+01
8.037108273128978908e+00
-3.684033799800090492e+01
-4.060916398884728551e+01
6.922443844814551994e+00
2.949917870864737779e+01
-1.980135675694327801e+01
-5.397407585405744612e+01
-1.915770189953036606e+01
-1.696780418569687754e+01
-3.418377673369832337e+01
-4.613467899616807699e+01
-3.353407373651862144e+01
-5.244123894954100251e+01
-9.453383245272561908e+01
-9.682486415840685368e+01
2.262303678435273468e+01
2.186108031310141087e+01
-2.754990873654605821e+00
2.327527454326627776e+00
-1.479052116337697953e+00
5.766772665083408356e+01
2.796628177748061717e+01
1.520775258541107178e+02
1.538272190373390913e+02
3.626349280239082873e+01
4.141321551287546754e+01
3.719016604009084404e+01
3.935744098271243274e+01
-3.385568197700195014e+01
2.967513864859938622e+01
-5.081485142000019550e+01
-7.512242882512509823e+01
-5.643719123327173293e+01
-1.064192547346465290e+02
-3.577702227630652487e+01
-9.622870129533112049e+01
-1.294876274187117815e+02
-6.263858085731044412e+01
-8.790861465968191624e+01
2.645500444486970082e+00
-1.320191404374781996e+01
5.247678927844390273e+01
1.022521901177242398e+02
1.046722027240321040e+02
-9.867690096143633127e-01
2.221160684712231159e+01
-4.842651833314448595e+00
-1.496520326327299699e+01
4.958025965606793761e+01
1.257929761777631938e+01
-1.097790664061903954e+01
5.642054020427167416e+00
-5.031648470321670175e+01
-5.355228131520561874e+01
2.620376471895724535e+01
-4.433580033946782351e+01
-5.158857675269246101e+00
7.947398444230202585e+00
2.326463982171844691e+01
-1.393809998262440786e+01
-3.487562025838997215e+00
4.411251939018256962e+01
3.248574557801475748e+00
6.559950998052954674e+01
-1.165491994470357895e+01
2.008644878515042365e+01
-9.968088852474465966e+01
4.256649390299571678e+00
-2.572437915659975260e+01
-8.296713531308341771e+00
-5.482864435180090368e+01
-1.242715006810612977e+01
1.666673051659017801e+01
-2.765561475825961679e+01
-2.562941517680883408e+00
-1.465971290599554777e+02
-1.016486276057548821e+02
-6.863016460556536913e+01
-1.433513243682682514e+02
-1.011053973343223333e+02
-3.641790499386843294e+00
-1.317561691394075751e+01
2.844484697561711073e+00
3.106138319708406925e+01
-4.138778240303508937e+01
9.331430919701233506e+01
8.543113654013723135e+01
1.671680656727403402e+02
1.211767903441796079e+01
3.697131251101382077e+01
4.254107261658646166e+01
2.927381865447387099e+01
8.194029214791953564e+01
1.606068508408498019e+01
-3.212199953850358725e+01
-7.685396849410608411e+01
-1.027172693284228444e+02
-5.126618998474441469e+01
-4.905134119326248765e+01
-5.489125760504975915e+01
-9.042418969329446554e+01
-1.002950157271698117e+02
-1.276398834306746721e+02
-6.667957495665177703e+01
4.795126733370125294e+01
5.729015538236126304e+01
6.246595148695632815e+01
-9.999283065553754568e+00
-1.322934167546918616e+01
2.363335443078540266e+01
2.536676402087323368e+01
-2.383235914749093354e+01
5.448813317343592644e+01
1.780757702363189310e+01
1.726709524518810213e+01
-1.697670450084842741e+01
-6.188745828694663942e+00
-1.644401709199883044e+01
-3.395860039745457470e+01
-6.435567775042727590e+01
7.426674983435077593e+00
4.128362343180924654e+01
2.606771704449784011e+01
1.579466152179520577e+01
1.687027179286815226e+01
1.917627560032997280e+01
-1.376182081003207713e+01
2.276096165587659925e+01
-5.285589395498391241e+00
-8.720053301658481359e+01
-1.079658759408630431e+02
-6.117092561908066273e+01
-4.124664883420336992e+00
-2.535973544581793249e+01
-9.006472100736573339e+01
1.129030169977340847e+01
-2.859604865079745650e+01
1.680780223978217691e+01
-8.263278868980705738e+01
-8.824472752166911960e+01
-1.456806348869577050e+02
-1.052655134117230773e+02
-9.180571942124515772e+01
-9.933375986292958260e+01
-8.893107587937265635e+01
-3.197125624865293503e+01
2.349912756471894681e+01
6.201773794600740075e+01
6.625784862990258262e+00
5.240937753114849329e+01
5.566889376495964825e+01
4.683781298808753490e+01
8.303354843519628048e+01
-3.865807229885831475e+00
2.872461118386127055e+01
8.733258437132462859e+01
1.516658630862366408e+01
7.190519681898877025e-01
-3.260609446442686021e+00
7.234860277094412595e+00
-9.792522905627265573e+01
-5.406347918324172497e+01
-1.667049764364492148e+01
-1.015178277157247066e+02
-9.396901441505178809e+01
-9.856316319201141596e+01
-7.550830923719331622e+01
-2.253460115753114223e+01
5.293347567203454673e+01
7.438396278303116560e+01
5.011840403312817216e+01
6.344645953504368663e+01
-3.935992208425886929e+01
3.162282519042491913e+01
-4.062994048581458628e+01
7.741992885712534189e+01
3.581998680601827800e+01
4.576780702336691320e+01
6.659101927652955055e+01
-8.981674000096973032e-01
2.923911961261183023e+01
-5.058123497292399406e+01
-5.736389357480220497e+01
-8.261324546765536070e+01
3.456229023868218064e+01
7.466876559192314744e+01
-8.888695447240024805e+00
-5.796222467324696481e+00
4.086984336026944220e+01
5.883518315386027098e+01
2.305086673004552722e+01
-5.759189662057906389e+01
-4.040248313685879111e-01
-7.572286904178326949e+00
-8.197014540201053023e+01
-6.689377187285572290e+01
-1.278278650715947151e+02
-4.581616667564958334e+01
-1.397122559865238145e+01
-7.812610419932752848e+01
-3.423936868784949183e+01
-5.574583337875083089e+01
-7.500030915252864361e+01
-1.146969589171931148e+02
-1.042569347191601992e+02
-9.258873615181073546e+01
-8.249318489106371999e+01
-9.496381244389340281e+01
-7.648157770745456219e+01
-3.062455107283312827e+00
1.915104803629219532e+01
8.750287815928459167e+01
-1.659611370996572077e+01
1.728203278617002070e+01
-3.612306500144768506e+00
3.460923107923008502e+01
3.479289807728491724e+01
5.459588282974436879e+01
6.634197779931128025e+01
2.697580566746182740e+01
6.820128328399732709e+01
2.659665369719732553e+01
5.037490336690098047e+01
1.792059811123181134e+01
-2.482930176483932883e+01
-4.284083479433320463e+01
1.519293891760753468e+01
-5.009907181374728680e+01
-5.534083902603015304e+01
-6.262268288992345333e+01
-8.630950469523668289e+01
-3.438669227762147784e+01
3.395779640413820744e+01
2.809117722790688276e+01
3.928005753550678492e+01
-1.795368189050350338e+01
-1.302700729866046458e+01
-1.522395086794858798e+01
3.386132448213174939e+01
6.442733865696936846e+01
8.715933654457330704e+01
4.443939178599976003e+01
8.471083128824830055e+01
9.771576515049673617e+00
-4.185154102742671967e+01
-7.881008059484884143e+01
-9.340263204649090767e+01
7.736749830655753613e+01
5.678219167748466134e+01
3.387925971765071154e+00
3.326463775010779500e+01
-2.278015927004162222e-01
3.277605719631537795e+01
3.225496766390278935e+01
-3.090402969974093139e+01
5.723431968363001943e-01
4.444926889846101403e+01
-6.695097545161843300e+01
-9.721133392304182053e+01
-1.430972770322114229e+02
-1.424912770744413137e+02
-3.569248656276613474e+01
-7.474917947547510266e+01
-4.701888246927410364e+01
1.368280118185793981e+01
-3.846667459583841264e+01
-1.028695405693724751e+02
-7.746450137346982956e+01
-6.170682172523811460e+01
-6.803184805903583765e+01
-1.214986696140840650e+02
-7.241635466925799847e+01
-1.120862507377751172e+02
2.172111635445617139e+01
-1.094369872589595616e+01
1.683836671872995794e+01
4.370257374830543995e+01
-1.732732926029711962e+01
1.019082174025243148e+01
5.156446059118025005e+01
4.638496102415956557e+01
6.298318476183339953e+01
1.292952038056682795e+01
2.732023313001263887e+01
7.876334711909294128e+01
3.343359639984555542e+01
9.296274220105260611e+01
3.996638406533747911e+01
8.560878632124513388e+01
1.004700461635366082e+02
-2.651123213581740856e+01
-1.875274938356596977e+01
-8.206918573705479503e+01
-4.131594323553144932e+01
4.850903860642574728e+01
2.455356116115581244e+01
1.763113687047734857e+00
4.296225597499869764e+01
3.360671325935982168e+01
8.660467574372887611e+01
-2.818046959873754531e+01
4.182859993306919932e+01
6.070859672036021948e+01
5.655399945680983365e+01
3.609752457123249769e+01
2.130452776327729225e+01
5.033508205087855458e+01
-6.332371867756592110e+00
3.956046566599979997e+01
-4.492545849643647671e+01
-1.493391464464366436e+02
-1.083474398910766467e+01
-8.608932148490566760e+00
3.129024116788059473e+01
-2.407978536211885512e+01
1.001932760118506849e+02
2.013344055740162730e+01
2.602489803393837065e+01
2.691002373467199504e+01
-4.840908513870090246e+01
-3.225110776838846505e+01
-1.166822585219051689e+01
-6.896898412378504872e+01
-9.171372221317142248e+01
-8.502829587087035179e+01
-3.952906263293698430e+01
-6.276727617660071701e+00
-6.035180194885469973e+01
-4.925610119244083762e+01
2.717463212320581079e+01
-5.886611324967816472e+01
-4.925981920678168535e+01
-8.272255945485085249e+01
-4.736397386295720935e+01
-1.063668605638667941e+02
-8.970695489551872015e+01
-1.098282446037046611e+02
-2.343195956200361252e+01
-6.806169039919041097e+00
-2.096781463478691876e+01
-1.307152251683874056e+01
-7.251341594383120537e+01
1.603497730684466660e+01
6.631551514146849513e+01
8.312166028190404177e+01
3.779669714276678860e+01
6.451130320783704519e+01
4.818810339202173054e+01
3.216079858248122036e+01
-2.710374246817082167e+00
5.682872506440617144e+01
6.960163591429591179e+01
4.963945320923812687e+01
1.188475725939497352e+02
6.576682790182530880e+01
-9.529803719487972558e+00
-3.646283585112541914e+01
-7.264431769726797938e+01
-4.151710891164839268e+01
-1.132303623307961971e+00
5.610004882328212261e+01
1.451491880288813263e+01
4.268046905053779483e+01
3.781708801398053765e+01
-1.972018253582064062e+01
2.703665450098924339e+01
9.699170186650007963e+01
3.194747478119097650e+01
2.371950358792673796e+00
2.117379699484445155e+01
4.370433816802687943e+01
1.713475649012252688e+01
2.001653592742513865e+01
-8.282783528557047248e+01
-1.073983730748295784e+02
-1.818587043089792132e+01
1.008362887660041451e+02
5.364210664993152022e+01
4.013970465166494250e+01
3.641346847871318460e+01
9.212836448568850756e+01
5.442239125841297209e+01
-1.853064168244600296e+01
-9.665114339441061020e+01
-5.628664439427666366e+01
-2.730449887167196721e+01
-8.514084038324654102e+01
-7.359057781286537647e+01
5.133110335009405389e+00
-2.972863512695766985e+01
-6.421829311875626445e+01
-4.151630128035321832e+01
7.352879038080573082e+00
4.625190285878488794e+00
-1.135989532485837117e+01
-1.159163002739660442e+02
-3.993754944531247020e+01
-1.291110238526016474e+02
-8.898018859326839447e+01
-2.210284765169490129e+01
-8.531052299076691270e+01
2.668585875653661788e+01
7.277949407580308616e-01
-4.042923137603793293e+00
-8.752879512030631304e+01
4.057820478919893503e+01
3.170246054651215672e+01
5.444439375423826277e+01
4.666190216084942222e+01
4.930175055051222444e+01
3.226111584808677435e+01
-2.900101026170887053e+01
-9.380993105878587812e+00
3.231554001104086637e+01
-2.659684469108469784e+01
8.723216524231247604e+00
8.571379294153302908e+01
9.303716069553047419e+01
-6.415363168343901634e+01
7.235280463646631688e+00
-6.259229849092662334e+01
-4.584501584758982062e+01
-4.119487493881024420e+01
-1.837577110563870519e+01
7.413273851852864027e+01
3.147581446683034301e+01
-1.614172288100235164e+01
3.756963997147977352e+01
-1.379083187202923000e+00
-2.929740912804845721e+01
5.096817403682507575e+01
4.774910121341235936e+01
-2.580534601293038577e+01
-7.849850589991547167e+00
4.249803896527737379e+01
4.431336128618568182e+01
3.726258000824600458e+01
-2.982575279020238668e+01
-6.858733831904828548e+01
-3.956950968131422997e+01
3.291338725830428302e+01
8.408903522649779916e+01
1.813153721741400659e+01
4.165872087469324470e+01
2.277022213093005121e+01
7.929433195386081934e+00
-9.571397640684153885e+00
-2.683449929463677108e+01
-7.714459934504702687e+01
-6.577756721526384354e+01
-5.142332156538031995e+01
-2.854972808563616127e+01
-7.955999535624869168e+00
4.954577889293432236e+01
-3.477787686279043555e+00
6.358613973134197295e+00
2.753726403170730919e+01
-9.784806024981662631e+00
2.658217272255569696e+01
-6.310447133728303015e-01
-9.339977987110614777e+01
-3.927503712475299835e+01
-2.773858068394474685e+01
-3.738029045052826405e+01
-4.960473233950324357e+01
-3.841011493932455778e+01
-2.927249806816689670e+01
-5.749093179474584758e+01
-2.385848893027286977e+01
2.344346285099163651e+01
2.644780579430516809e+01
4.372068724478594959e+01
6.535815191455185413e+01
5.799095379188656807e+01
4.192989581497386098e+01
2.167175989598035812e+01
-2.377100099693052471e+01
9.094052984437439591e+00
-8.735947631066665053e+00
-9.943811164703220129e+00
2.427547951810993254e+01
2.076806413242593408e+01
-5.197623522690264508e+00
-1.369479105051141232e+01
-8.457031799480319023e+01
-5.002104444429278374e+01
-5.694057472283020616e+01
-1.190212242363486439e+01
-1.017687191051663831e+01
-1.547406645840965211e+01
4.544984039966948330e+01
3.915970955858938396e+01
4.831465412280522287e+01
2.587003109510987997e+00
-5.367851372284349054e+00
-4.651279596146196127e+00
-2.053684693237300962e+01
6.078999285819008946e+01
-3.351820851094089448e+00
4.958742920280201361e+00
-2.407267493254039437e+01
-7.118396024452522397e+01
-2.596453487058170140e+01
2.339800084882881492e+01
6.318755185930058360e+01
-2.044725806626956910e+01
-2.538514672778546810e+01
2.620796294650062919e+01
-2.289815893163904548e+01
-4.527007695287466049e+01
3.807422035606577992e+01
-6.509780632768524811e+00
-5.092197170597501099e+01
-1.589000021340325475e+01
-3.550928886397741735e+01
-3.380114139872603118e+01
4.718284253613092005e+01
5.021417382522486150e+01
5.024599158787168562e+01
2.509776095394045115e+01
1.421646084054373205e+01
-7.240971626742975786e+00
3.507043584249913692e+01
-1.395240087731508538e+01
2.616558595036622137e+01
-2.468358798068948090e+01
3.551728150341659784e+01
7.695982276345603168e+00
3.147716779494658113e+01
2.218412009824533015e+01
9.255703844246454537e+00
-6.133446004241704941e+01
-4.745613841805607080e+01
2.414206937828566879e+01
1.110880020860349759e+01
7.867636304581537843e+01
1.719414649414829910e+01
1.080504735000431538e+02
-2.482745003362651914e+00
6.466771992563735694e+00
-6.238255991775076836e+00
-3.212694355170242488e+01
-1.390863963024457917e+01
-2.738912371569313109e+01
-3.202648258593399078e+00
-2.403498001513071358e+01
1.429196709068492055e+01
-7.346042548306286335e+01
-1.383748312946408987e+02
-4.848130629397928715e+01
-6.525529170176014304e+01
-2.290394331794232130e+01
-6.359121471177786589e+01
-2.526943353586830199e+01
3.065174314542673528e+01
8.740976045373827219e+01
3.279375960119068623e+01
4.329515286372043192e+01
-3.627205660450272262e+01
-2.067541754513513297e+01
6.550372199853882194e+01
-1.647686440264806151e+01
3.257000207668170333e+01
-2.276251325383782387e+01
3.800993454206036404e+00
-5.241481994744390249e+01
-3.577109237085096538e+01
-9.866918844636529684e+00
-6.297744403127580881e+01
-2.086572203552350402e+01
-2.955630407086573541e+00
-1.042329768097260967e+01
-2.647993642312940210e+01
-2.706031591515056789e+01
-3.959995956392958760e+01
-2.585423317214008421e+01
-2.658235825947485864e+01
-3.259119694121181965e-01
7.596247451147064567e+01
4.593717312673106790e+01
1.434250152669847012e+02
1.123973634093999863e+02
3.956512955483049154e+01
-2.084848529193550348e+01
3.928425940102897584e-01
-2.455983485560864210e+01
-4.864488801104016602e+00
-2.272157871630042791e+01
2.322522959730122238e+00
4.451553104445338249e+01
3.139369073323905468e+01
4.195819565211422741e+01
-1.733821045490913093e+01
-1.186194458568934351e+01
-1.161428372142836452e+00
4.575898128678090870e+01
4.710345092462375760e+01
5.888462692382745445e+01
4.688517947215586901e+01
-5.752259312430396676e+00
2.374955511186271906e+01
-1.066830373019911349e+01
3.439671490923501551e+01
-7.942735101096332073e+01
-5.638075526803731918e+01
-6.298165681073442101e+01
-2.026371839747298509e+01
-1.757027894200291485e+01
-6.551633123308420181e+01
-8.667622751090675592e+01
-4.785296914633363485e+01
-5.522653009393252432e+01
-5.544560735870618373e+00
3.908560029231011868e+01
7.590533641632646322e+01
7.074871246004477143e+01
5.036539369029924273e+01
-6.723921615048311651e-01
2.235822285001631826e+01
3.697889405884779990e+01
2.765198405541013926e+01
5.511370181920938194e+01
4.123377584619447589e+01
-6.480354932136833668e+01
-6.551302794832736254e+01
-3.685444971779361367e+01
-5.661863178829662502e+01
-7.541623199358582497e+01
1.819270983105525374e+01
1.984405753319151700e+01
-3.944589843740686774e+01
-3.140732587780803442e+01
-3.508383088046684861e+01
-5.794780008727684617e+01
-1.130496821133419871e+01
2.348893576709087938e+01
4.289665230317041278e+01
2.438615774735808372e+01
1.283960446016862988e+02
1.129955562646500766e+02
6.175968155730515718e+01
-1.996965329453814775e+01
3.508474947011563927e+00
-2.135807153536006808e+01
-3.651619772426784039e+01
-5.340449934010393918e+01
2.285289156134240329e+00
1.571047505422029644e+01
4.369623638922348619e+01
1.203728970722295344e+01
4.645041917683556676e+01
4.243564762873575091e+01
1.065692777046933770e+02
6.504145130747929215e+01
7.213909702841192484e+01
3.288834705017507076e+01
-5.697113738278858364e+01
1.796127435227390379e+01
-1.846897612267639488e+01
7.148682925617322326e+00
-2.418866824882570654e+01
-5.710992991225793958e+01
-5.174212128622457385e+01
-1.924211210280191153e+01
-6.295191269600763917e+01
-4.034636003780178726e+01
-8.682050975039601326e+01
-3.433166784816421568e+01
1.684819289948791265e+01
4.388557135825976729e+01
5.207308277022093534e+01
3.886960621457546949e+01
5.279486140352673829e+01
3.954060230171307921e+01
7.872840797062963247e+00
1.524642357253469527e+01
9.416620741831138730e+01
-4.599412477546138689e+00
1.398752101522404701e+01
-5.422654430731199682e+01
-8.518994582118466496e+01
-1.574724228703416884e+01
-1.114053975470596924e+01
-3.138412648695521057e+01
-1.682841320871375501e+01
-4.773166438098996878e+01
-3.828584885923191905e+01
-5.204877652431605384e+00
-2.238995693915057927e+01
-3.301955075585283339e+01
3.697489592013880610e+01
2.038199090748094022e+01
6.654274329775944352e+01
1.006496459012851119e+02
5.428428994491696358e+01
9.113547275774180889e+01
-5.115552630741149187e+01
-2.555314858909696341e+01
-8.989092748379334807e+01
1.450789659429574385e+01
3.014532921952195466e+01
-1.142709061241475865e+01
6.532714178320020437e+01
8.831267768982797861e+01
4.978392462362535298e+01
7.571923924842849374e+01
-4.175853973720222712e-01
4.498999260249547660e+01
8.929719115258194506e+00
6.052068329154280946e+00
4.909792914986610413e+01
-2.570192191342357546e+01
-7.733665552223101258e+01
-2.077135650324635208e+01
-1.064058742485940456e+02
-4.984331826562993228e+01
-6.893285899423062801e+01
-5.916826921747997403e+01
-5.987416807329282165e+01
-2.253658749395981431e+01
-7.683975127292796969e+00
-2.593100361991673708e+00
3.850914072245359421e+01
9.753879567142575979e+01
-5.811740629724226892e+01
5.595530819846317172e+01
1.402708585374057293e+01
9.885747203952632844e+00
-4.517896741162985563e-01
4.849160904996097088e+01
-4.235183587297797203e+01
-3.974722494604066014e+01
-1.148637966252863407e+01
-1.873966539278626442e+01
5.260364559944719076e+01
-6.355638470267876983e+01
1.169280585600063205e+01
1.177795638795942068e-01
-5.686211807187646627e+01
5.403891918831504881e+00
7.333169924095273018e+01
5.261649494059383869e+01
4.360389721114188433e+01
9.825653978623449802e+01
1.484474196331575513e+02
3.789108086493797600e+01
-1.677813997957855463e+01
-1.141445172834210098e+02
-9.368504106532782316e+01
-3.829685374512337148e+01
5.738539766753092408e+01
9.098552982322871685e+01
2.510301419533789158e+01
9.691406739875674248e+01
5.448127558338455856e+01
6.347267481032758951e+01
2.826842501235660166e+01
8.560877176932990551e+01
5.008781590731814504e+01
-2.293442958034574986e+01
-3.830341302091255784e+01
-4.180514952167868614e+01
2.371202072026790120e+00
-5.737014726037159562e+01
-3.823587394435890019e+01
-2.823507202265318483e+01
-3.074389314861036837e+01
-5.367870471673086286e+01
-4.059541606693528593e+01
6.065956767997704446e+00
6.713494803989306092e+01
2.748849146883003414e+01
-1.544356791782774962e+00
-8.798004273558035493e+00
2.694254362722858787e+01
-1.406903265888104215e+00
-4.346636342233978212e+01
-4.322671520640142262e+01
-6.886151095386594534e+01
-1.464066008338704705e+01
1.387791598972398788e+01
2.181070158258080482e+01
1.060834892996354029e+01
3.345868026372045279e+01
-3.734823985723778605e+01
-1.038768459693528712e+01
3.582070712582208216e+01
8.474305650452151895e+01
8.636632992420345545e+01
1.243943115696310997e+02
7.996874046511948109e+01
5.769320705439895391e+01
-9.587667591404169798e+01
-1.345725031569600105e+02
-3.610160274547524750e+01
-3.192515578120946884e+01
7.085647666826844215e+01
8.365242683794349432e+01
5.250827598501928151e+01
8.476629591314122081e+01
6.124029459897428751e+01
6.488847429864108562e+01
6.453779496951028705e+01
-5.858005170011892915e+01
-5.577019692282192409e+00
-2.398079777776729316e+01
-7.628408638993278146e+00
-2.228849098173668608e+00
-1.356201210001017898e+01
-2.775263783405534923e+01
-4.708204869530163705e+01
-1.479637921875109896e+01
-2.963584483950398862e+01
-1.439082097931532189e+01
7.612549234181642532e+01
5.737780156778171659e+01
1.523144419479649514e+00
-6.190211024659220129e+00
-2.124113598256371915e+01
2.724737350945360959e+01
1.730404619593173265e-01
3.824237501248717308e+01
4.767389327753335238e+01
5.458556915982626379e+01
-1.545343911857344210e+01
2.011278957070317119e+01
-4.006983726867474616e+01
1.705999784462619573e+01
-2.880633473978377879e+00
3.364127405802719295e+01
6.200953794177621603e+01
6.097064033383503556e+01
3.531070251483470201e+01
3.431440563872456551e+01
-6.202171789482235909e+01
-1.098088105209171772e+02
-3.117577944067306817e+01
-2.225611387984827161e+01
8.602587513450998813e+00
7.816646393621340394e+01
4.125701525481417775e+01
6.267349817790091038e+01
-1.135551065090112388e+01
5.031758064433233812e+00
-4.707661355496384203e+01
1.223790241056121886e+01
-4.545400588540360332e+01
-3.461658707237802446e+00
3.979632310802116990e+01
1.434154728485736996e+01
2.703231075429357588e+00
-2.395100455032661557e+01
-5.012537076254375279e+01
-6.672495146631263196e+00
-1.745171357470098883e+01
1.625662116566672921e+01
1.464986416976898909e+01
-4.317683487897738814e+01
5.032188710174523294e+00
-2.473678614478558302e+01
-2.809158831951208413e+01
-2.459788447595201433e+01
-5.043021155870519578e+01
-6.381572165992110968e+01
-1.140215954364975914e+01
3.264329643570818007e+01
2.358638994337525219e+01
1.448426337447017431e+01
6.220860086614266038e+01
2.873397897928953171e+01
2.917504025390371680e+01
2.997008050442673266e+01
-1.826988045650068671e+01
-5.635993511532433331e+01
2.051761839538812637e+01
1.033490116242319345e+02
2.849584234354551882e+01
2.327133370272349566e+01
3.385153468116186559e+01
-8.328468538820743561e+00
-1.773570147634018213e+01
9.484151087235659361e+01
1.594334025867283344e+01
-5.985826646792702377e+00
4.275194805813953280e+01
-2.987267362186685205e+01
7.281782018253579736e+00
-3.251296948292292655e+01
-3.980191104346886277e+01
-6.722885245835641399e+00
-9.516353020444512367e+01
1.561288809170946479e+01
-1.838481330196373165e+01
-1.846287705120630562e+01
-4.684814484789967537e+01
-4.554384213406592607e+01
-6.459608266595751047e+01
-4.448178515303879976e+01
-3.719972301041707397e+01
4.449522384675219655e+01
7.061869837343692780e+01
2.148388375644572079e+01
1.812009759305510670e+01
1.046722081810003147e+01
3.152373756165616214e+01
3.453663521213456988e+01
-1.905169483507052064e+01
-1.515613075753208250e+01
1.262805308215320110e+02
7.986543641891330481e+01
-1.257252506547956727e+00
5.839621371706016362e+01
3.710674354806542397e+01
8.910252290661446750e+00
4.854065628023818135e+01
-2.336050965823233128e+01
5.298285759636200964e+01
3.072064646403305233e+01
-1.006348793453071266e+01
4.371487739263102412e+01
-2.630631934152916074e+01
2.212500021414598450e+00
-7.281883154064416885e+01
-1.058966518030501902e+01
-4.449793777894228697e+00
-7.081395597197115421e+01
-6.783788558095693588e+01
-6.592353747691959143e+01
-6.970695540076121688e+01
2.506999044271651655e+01
5.071884152130223811e+01
1.001798882498405874e+02
1.098847133107483387e+02
1.441743006580509245e+01
2.275704537169076502e+01
1.699812855804339051e+01
6.012400262989103794e+00
1.209365145768970251e+02
1.678866465226747096e+01
8.828797581372782588e+01
1.682323090790305287e+01
2.472406777087599039e+01
3.291332905064336956e+01
-1.848881220212206244e+01
6.749232852598652244e-01
2.128049709426704794e+01
5.504177534021437168e+01
-2.622278407216072083e+01
2.034596400335431099e+01
-3.886171725753229111e+00
-4.067927875439636409e+00
-2.950039561255834997e+01
-2.504457734175957739e+01
-6.625706737395375967e+01
-3.059077425859868526e+01
2.275368751725181937e+01
5.181756569072604179e+01
7.559012738056480885e+01
9.874566603684797883e+01
9.246217814506962895e+01
2.483561365806963295e+01
1.882144897535908967e+01
6.497003050753846765e+01
3.521713733789511025e+01
2.388227221672423184e+01
4.547201569948811084e+00
7.016952622507233173e+00
1.193088337458902970e+01
5.405382580647710711e+00
6.204335659276694059e+01
5.229926318861544132e+01
-4.422173333296086639e+00
-1.973056350834667683e+01
-5.102416253066621721e+00
5.778906597697641701e+00
2.606934685900341719e+01
1.483260075474390760e+01
2.883430715883150697e+01
-2.030056930379942060e+01
3.643242598627693951e+01
-3.890253992722136900e+00
4.659804835682734847e+01
-8.862387403496541083e+00
8.685339707881212234e+00
-1.168446033261716366e-01
5.806855915579944849e+01
-6.424313323805108666e+01
-3.983038914157077670e+01
3.995818406110629439e+01
2.420253440504893661e+01
5.418251384980976582e+01
3.566916348063386977e+01
7.682816794840618968e+01
1.505158070358447731e+01
8.820373295748140663e+00
1.854560105130076408e+01
2.571603909018449485e+01
6.378113175742328167e+01
4.370329043013043702e+01
-2.100906567648053169e+01
-1.162562766694463789e+02
2.146623228327371180e+01
-9.194321137329097837e+00
-3.595516682253219187e+01
-2.793836029013618827e+01
-6.108158686402020976e+00
4.744363468489609659e+01
5.984490417176857591e+01
2.517552275094203651e+01
-4.312810051487758756e+01
3.740648025996051729e+01
9.349049651063978672e+01
4.845180956181138754e+01
-3.197096521034836769e+01
-3.993407881353050470e+01
5.852184403920546174e+01
4.086875560460612178e+01
3.485644265310838819e+01
1.961525958904530853e+01
-3.752888005692511797e+01
-3.789721449720673263e+01
8.412964234594255686e+01
9.078360744751989841e+01
3.091739563387818635e+01
1.602236807229928672e+01
4.334979166742414236e+01
7.122677925508469343e+01
1.875228190328925848e+01
3.681161615531891584e-01
3.643523086793720722e+00
2.022541957558132708e+01
2.964517807413358241e+01
